0
2281
1
9188
2
5872
3
7502
4
8555
5
8362
6
6265
7
2932
8
3776
9
7019
10
1033
11
8358
12
9455
13
2883
14
3557
15
1254
16
7627
17
6058
18
7328
19
1814
20
5914
21
1678
22
695
23
4035
24
8929
25
8003
26
598
27
3929
28
1058
29
565
30
5181
31
4430
32
2243
33
6309
34
8245
35
2124
36
7523
37
7227
38
3605
39
7359
40
2990
41
1591
42
795
43
2465
44
3312
45
2834
46
296
47
2394
48
5329
49
361
50
1142
51
3759
52
1232
53
7434
54
3578
55
7544
56
1966
57
1234
58
4582
59
2673
60
1895
61
6807
62
9583
63
6318
64
8889
65
5480
66
1781
67
9879
68
844
69
6663
70
1292
71
654
72
2453
73
9930
74
3334
75
370
76
7631
77
5998
78
2451
79
2949
80
4276
81
6175
82
7901
83
4810
84
8550
85
3908
86
537
87
5854
88
8745
89
8571
90
1385
91
5332
92
6922
93
829
94
768
95
2992
96
3144
97
6425
98
1793
99
3032
100
7424
101
2771
102
9168
103
2903
104
170
105
8150
106
3605
107
8598
108
843
109
1821
110
1753
111
1251
112
4324
113
5706
114
8977
115
4339
116
4832
117
4523
118
7841
119
5667
120
6740
121
333
122
5714
123
1190
124
6436
125
6494
126
7152
127
8013
128
6856
129
8547
130
2085
131
9869
132
4163
133
247
134
1572
135
2395
136
3301
137
1217
138
4231
139
8111
140
3926
141
5047
142
3220
143
986
144
1020
145
646
146
9412
147
4430
148
5400
149
3140
150
2249
151
6980
152
7459
153
8313
154
436
155
5090
156
7988
157
6585
158
695
159
6752
160
9444
161
4599
162
6363
163
768
164
2144
165
8068
166
5467
167
381
168
9618
169
7481
170
2956
171
6390
172
7171
173
8172
174
6050
175
1985
176
7473
177
1165
178
8273
179
1645
180
8086
181
8711
182
6757
183
3173
184
5122
185
9923
186
4218
187
2055
188
5788
189
7674
190
4759
191
5315
192
6881
193
2639
194
7582
195
5805
196
6866
197
4435
198
2414
199
2539
200
1921
201
6591
202
5786
203
5436
204
8312
205
9438
206
629
207
7794
208
9563
209
7665
210
6783
211
3244
212
3995
213
8488
214
2699
215
3090
216
2303
217
9104
218
7268
219
4222
220
9100
221
1268
222
1753
223
2019
224
2943
225
6836
226
6461
227
6313
228
3582
229
172
230
760
231
3053
232
7327
233
1018
234
5152
235
5685
236
4120
237
606
238
7260
239
1023
240
1173
241
3592
242
7185
243
5068
244
8159
245
8611
246
3047
247
4034
248
7113
249
2418
250
2267
251
4059
252
7641
253
4179
254
5179
255
3975
256
6398
257
5766
258
9636
259
3986
260
9582
261
2547
262
1881
263
8910
264
8834
265
8572
266
6470
267
4352
268
9057
269
1135
270
9327
271
3627
272
5637
273
6334
274
1727
275
635
276
4061
277
638
278
2932
279
6983
280
2002
281
7274
282
9250
283
6802
284
2400
285
4409
286
876
287
9149
288
1716
289
3355
290
3836
291
8547
292
6431
293
4312
294
3315
295
8158
296
8944
297
7734
298
1658
299
2084
300
726
301
505
302
1681
303
5707
304
6961
305
5547
306
4391
307
6100
308
3813
309
3269
310
5043
311
3880
312
5787
313
8654
314
7653
315
3448
316
463
317
7087
318
5380
319
1369
320
4774
321
5502
322
1059
323
880
324
512
325
547
326
2135
327
9959
328
5295
329
7441
330
8154
331
1963
332
4405
333
4566
334
8603
335
2756
336
6806
337
9377
338
6021
339
547
340
3300
341
4560
342
2968
343
7064
344
9470
345
7490
346
8344
347
1906
348
2469
349
8861
350
6651
351
31
352
6429
353
503
354
3729
355
3497
356
8496
357
5544
358
6356
359
6222
360
5662
361
4722
362
8712
363
2357
364
6606
365
808
366
1716
367
4701
368
3677
369
5222
370
5134
371
8569
372
9068
373
9687
374
3271
375
3693
376
3198
377
4081
378
5662
379
4384
380
2525
381
1585
382
2928
383
6812
384
4260
385
677
386
995
387
9102
388
7062
389
7123
390
3526
391
8746
392
218
393
56
394
7322
395
1211
396
9365
397
1409
398
3761
399
6452
400
8840
401
7701
402
3848
403
1463
404
4186
405
7336
406
9360
407
9647
408
7645
409
6928
410
8403
411
9278
412
2930
413
7611
414
8629
415
7206
416
7585
417
926
418
5100
419
7801
420
43
421
68
422
8242
423
8742
424
3263
425
8428
426
589
427
5730
428
208
429
2207
430
4367
431
5432
432
3566
433
168
434
5809
435
473
436
8904
437
9176
438
6625
439
6027
440
6829
441
5294
442
9202
443
247
444
8809
445
9171
446
1169
447
1543
448
131
449
6859
450
4454
451
6087
452
1305
453
9561
454
8136
455
655
456
6296
457
366
458
1556
459
1738
460
7637
461
1516
462
6063
463
968
464
8524
465
1672
466
5541
467
5637
468
4465
469
5967
470
8330
471
2312
472
7876
473
6345
474
2673
475
8677
476
4752
477
1575
478
8625
479
3465
480
5995
481
8464
482
4073
483
2564
484
877
485
7116
486
41
487
7560
488
3844
489
8515
490
9285
491
3362
492
4155
493
5807
494
7971
495
1039
496
5155
497
2298
498
1934
499
2525
$