3735
3524
1659
3528
2938
5619
5646
1153
2159
4697
2977
2048
4571
5240
23
2175
788
2094
3832
3661
2958
2946
3310
1026
2004
1137
3170
4870
2354
2249
2876
3984
3541
1006
4461
2229
5202
2959
5375
5805
1647
4187
937
966
682
377
1700
993
5037
4739
5593
4960
4859
4530
844
3718
2987
2831
819
4772
3090
3845
4401
3116
1743
1824
3852
1002
5338
3552
5031
5678
4491
4766
5258
4921
2241
798
3212
4485
4061
1211
4160
2994
1000
4559
1927
2943
3859
3930
1213
4494
956
335
4855
1512
5648
4518
5726
3094
4601
3335
2567
1811
2095
2827
3577
31
514
2403
1273
3225
2292
2750
660
1274
1779
4082
1378
4441
4350
1463
3227
1229
2672
752
3298
1107
3287
2412
2000
193
3164
3401
395
3713
3240
3763
3583
3604
227
3126
2692
241
4863
2485
4054
2885
1025
4250
4835
2453
56
2529
4064
3315
3432
4345
2283
2065
5821
5547
1042
2857
1839
5103
5055
3945
2001
2339
3034
5422
2528
3172
5506
961
4875
5249
3322
2681
1924
1789
5838
4805
5665
1600
1445
407
4540
5664
3300
5122
3667
4135
2751
4513
3001
313
4045
3613
1790
2205
3199
124
4257
542
703
5339
2522
3703
4058
2081
456
1642
5718
2851
3888
5700
2305
3134
4572
2801
2004
946
1027
1417
4384
1230
5783
2551
1442
324
1216
2242
1368
586
3847
2162
126
5074
5199
437
1931
5364
3113
2252
219
501
311
2871
4977
2937
1534
1514
1994
5137
1126
2674
3970
2644
5715
4661
771
5524
2705
3775
4571
5276
5570
5137
389
2699
747
5319
4875
3167
72
2942
659
5607
5386
1141
2820
5065
3827
2376
2129
3768
3036
601
4781
4716
5120
5081
5180
4772
972
2050
1419
247
2717
4490
1365
409
4810
2609
5141
855
5048
3744
1487
4415
1136
3298
3905
4917
1604
1397
2514
189
637
206
3899
5526
5342
1755
5240
2291
4926
4886
332
3441
4533
4478
5228
5482
3502
3754
2298
1049
2489
1964
1877
1021
2873
912
5003
4876
1204
1026
4667
4388
3208
2078
3350
4012
645
1999
5641
4046
1032
4348
4808
2290
2255
485
388
3592
3968
4271
3916
5343
875
4272
1621
3721
3516
3738
5859
3412
2974
1538
1893
3761
5688
5535
2218
4364
2529
1346
2715
3241
5819
3250
2646
41
3083
752
2314
2363
1921
4709
1344
1156
1913
851
2803
2157
2430
4884
5429
4098
5099
4832
3321
4605
790
635
826
943
1300
4265
3648
5477
3407
5721
37
5624
837
145
5271
2712
4897
1425
2848
3508
1121
2600
980
1690
3200
3748
1236
4002
984
5539
776
3090
1094
4499
4212
3071
1916
3144
1957
4898
2560
769
5446
4423
2122
2774
3256
604
2388
1359
5100
5746
1883
5195
4790
2227
1267
5649
635
1359
3002
93
5453
5068
3235
5832
346
4253
2086
2725
1946
4576
2887
277
2683
4028
1966
5339
3566
2546
1434
3191
4920
5172
4985
2024
2382
37
4622
2871
681
3188
2034
4757
5475
2757
74
3320
954
2343
5109
575
952
3059
5350
3138
1606
1076
4338
3773
906
4023
3415
2551
3629
2017
477
1589
4635
2537
4194
4871
5438
4991
5300
409
3273
1671
1935
3800
5017
4112
3209
3337
5740
3291
4621
3290
810
5334
3598
369
1117
2788
1609
2205
1270
1397
317
4064
2667
3860
2814
564
855
1418
1110
5444
4289
4904
2397
5519
3403
4422
5008
2973
972
5536
4218
1203
3322
1831
1656
5679
3884
3085
5352
2024
1986
880
1525
4541
3374
2540
885
2594
356
5794
1734
1411
1204
353
4091
5156
484
4521
1022
3538
580
4118
4583
996
2649
5537
5522
258
2149
3305
2473
2292
5790
1498
2447
620
3686
5107
219
1549
2356
353
2124
1358
4519
4646
3771
310
3451
2464
1413
994
2810
3401
2836
2967
2143
5187
2751
4966
5554
1433
2948
5674
101
3435
1099
66
2716
2792
2057
1557
5125
4095
5740
708
2764
3966
4614
4619
1137
16
2790
2018
3729
932
2384
1896
3398
5881
3953
569
710
1112
4016
5645
634
4859
4509
2018
575
4881
5317
2502
872
2529
3716
2302
5102
4901
5318
954
1427
1590
2260
2656
2277
4252
1890
3285
5628
4713
3845
5469
873
3393
592
1801
2330
4063
2607
4698
4571
2871
4147
3108
3335
4461
1163
3021
3866
5262
4195
3588
5677
4532
3416
2921
3353
4124
2088
418
258
4944
5500
5847
4125
5289
1256
3832
749
4828
844
4425
663
2144
1189
1656
3547
1699
3801
5842
5028
3139
3339
5327
1759
3748
3979
4731
4247
2908
4351
3053
2869
1807
2651
2804
3290
2581
5166
229
1612
5795
1148
1077
383
2123
1621
4061
758
1529
4424
2282
1810
2163
5529
2077
5472
2759
1405
4252
3272
5590
3517
1063
1826
3987
4916
4740
5778
5112
317
3877
956
4982
1607
2784
955
140
1335
2520
5062
5395
4370
622
2857
501
2245
3037
3927
4762
3240
148
5508
1642
4118
4622
659
2525
1734
5406
3541
3467
1791
4774
5446
1236
1893
2094
1863
1870
866
2202
679
4084
4848
4138
1032
1261
1066
2994
4270
340
5018
2723
5121
5852
4797
3527
4200
403
1667
4571
5759
1717
900
2173
3779
1828
1341
3630
5083
2351
2474
2091
377
4945
4522
3797
3519
832
3825
4296
3464
4708
3207
5745
2929
2123
5405
1156
193
4903
2680
1058
5666
2040
2670
1856
5804
93
5186
5641
5381
5206
5434
358
2571
4926
228
1208
1049
2687
4789
1972
3032
3564
3431
2798
3531
2530
3016
1148
5749
2681
4835
3091
3646
998
823
3777
941
4674
5617
123
3257
3915
1716
656
2815
2147
1042
3781
1302
183
496
4566
4622
1550
434
3208
19
5559
4641
4909
5042
1528
3563
1053
4027
5030
368
4975
98
3378
3698
2738
4236
1809
1849
2463
3419
776
2573
2191
2985
2089
5015
5456
1362
108
691
3923
3321
4404
$