5558
3712
3736
1450
9171
1155
8165
6360
4866
7245
3293
3550
6321
7448
8059
2521
3275
6423
6571
5808
6879
4319
7742
2366
369
6900
9158
2652
2026
5436
651
608
2927
7255
6707
4026
5830
1268
2612
5379
6165
3601
9542
6000
8185
8209
4056
7855
2165
5218
7446
3832
6089
6570
1060
3432
7668
768
1396
4431
6980
242
4357
4789
4077
4521
9733
3020
1000
6211
66
7213
3606
1328
8296
9381
2125
7590
9738
6049
881
5591
2948
8272
1286
2415
9194
5383
1956
8604
5416
871
7602
4194
2233
2353
3960
9148
8316
8368
1763
974
8660
664
5645
5050
3064
2477
8753
4155
2399
6090
3891
8180
1262
9316
5076
1428
551
5769
6779
9155
8342
6038
4392
6260
9542
5534
8178
293
4944
3690
4567
5167
1665
2521
4042
8559
6974
6409
7203
388
993
3623
3890
3387
6876
7420
5809
6540
251
2541
9156
8719
6886
7893
2345
8642
7868
2362
9257
5236
6876
2228
4245
8092
2273
7643
9340
5794
1589
3655
1011
138
4060
3550
7854
1658
4842
7653
2346
2372
722
5543
1748
9112
3898
4779
757
5617
3851
1468
9408
9373
6299
4733
556
6474
8587
3740
3292
3788
9076
2968
7230
4720
4455
8995
5052
5867
8040
9054
2841
6038
4293
5732
3301
3389
4825
778
104
6442
3984
3229
8941
1831
2674
5849
9347
8397
4014
4659
2087
5179
6247
377
698
8799
8624
9041
3029
9179
585
6219
1793
3875
6553
1489
413
5731
5638
5653
5058
1750
7702
114
4575
446
7930
4061
386
6631
7911
5844
3689
152
278
9140
4467
1707
7988
196
3817
7701
4027
1235
7786
2816
1985
731
7427
216
4433
3064
8976
1531
7356
7660
9081
6933
9603
3798
2627
1970
8731
2259
5617
8773
2775
2172
1473
7404
8843
3098
7977
7568
2960
5143
2949
5980
8322
1130
9002
3262
2106
4200
2576
1012
3142
5966
1944
1092
1124
7575
5955
1937
7136
1248
5067
5962
203
7112
3192
584
278
1179
6222
3368
6584
715
9177
7947
9062
2637
1611
4706
4102
3660
8029
8688
8614
5066
9416
8216
2684
8775
1339
3888
4161
6275
8999
1188
3993
121
6972
3673
2308
8749
35
8994
7610
9641
8737
575
7359
3308
4059
6304
8828
3271
9633
682
7836
5732
4303
9608
9458
6516
3669
7410
7184
8786
6003
6798
668
1543
6019
3769
3159
2887
210
5016
2430
3786
8656
1086
4467
6195
8519
2438
2808
3060
2427
8068
9666
8867
710
7662
2917
44
5157
8438
8689
9664
2108
4350
5117
2395
390
5638
4070
438
6504
5818
7127
3037
8692
5038
7719
8242
3324
739
7035
3886
1717
4233
6167
1234
8511
587
3516
9205
8504
5060
414
6557
4960
887
4869
7210
2135
5536
2708
8280
9573
2878
9143
6397
817
2375
117
8341
7603
7568
3212
8272
765
995
2090
1888
6391
4519
657
6195
7467
8138
4921
943
6136
2216
2809
4589
5635
6965
4144
4108
8930
2241
3484
8019
394
6725
2123
9520
8670
5249
1063
7356
9714
6138
7762
8778
8121
5691
5899
6836
4756
7677
4492
4074
350
7335
8889
7634
1561
5114
7416
8152
6130
4064
283
118
1188
6043
1905
2347
6919
2833
3164
6219
5364
5857
5007
5519
1137
6594
399
8436
9143
6393
8643
5257
8002
7731
1622
4457
8372
7187
477
2414
9094
2840
9142
9329
5767
3615
472
2377
9137
425
4492
1243
316
5729
2876
2893
7798
8785
7527
5688
6212
433
9272
2468
2397
6113
7173
7461
3380
7628
7791
1840
7476
6485
9381
3653
3993
5268
4517
443
5276
6699
3060
2676
1081
2046
4289
4129
400
8807
5611
6789
9231
6217
9501
9557
578
8252
1300
794
1338
2456
8239
6832
3517
2851
1842
7451
4766
2438
1148
2973
142
5922
1759
3389
5912
375
4099
4212
9324
8561
2579
3690
2174
8346
5137
9645
5627
9232
2050
6388
207
610
2545
9119
7157
1533
8313
4743
3995
6943
9352
8872
992
7662
722
5417
8264
736
894
8790
671
7265
4914
3451
6142
3727
3195
2327
6500
3568
8598
5473
9255
1265
4188
1018
7994
1078
6688
7547
1098
4769
2123
350
7370
6144
2385
23
2335
5501
9073
7726
6517
2900
2433
1849
1112
482
1429
445
844
8881
6265
1975
4165
6154
225
5841
4303
3772
8158
9072
5015
4923
7025
9354
8500
5738
4175
9678
9288
9655
4855
2680
3549
6522
1589
1994
4167
1464
4847
2477
1707
2566
8373
277
2521
7083
8975
296
4996
5311
8591
7937
5842
1641
8361
7162
7062
6415
9429
5644
884
5156
3089
4407
9435
1038
1374
6156
1673
4215
4177
175
3683
5205
2196
1094
2241
4173
6360
2595
9736
2738
7753
7947
8028
7068
1071
7539
9425
3577
2246
4218
5986
5439
3020
5029
6692
2221
2411
597
2560
6636
7698
9024
2290
1973
6325
8784
877
417
3052
5400
1643
3101
5065
7547
6349
8346
780
5160
6562
4178
5003
4235
5151
3820
2120
8629
1260
6384
5880
4697
9346
8094
8119
5084
9653
1103
9115
4094
1917
4168
9170
8043
6745
9572
9136
5363
206
4986
1550
9015
1330
7598
6257
3750
4613
994
7556
6512
5415
2991
6334
5013
2526
6463
2193
8048
1174
9520
8347
9503
1646
3362
130
6697
8201
3810
9763
3846
2785
5729
3953
4521
864
8064
5276
8843
8940
3284
1891
8407
3881
605
6118
2409
6127
9328
289
2785
3383
2500
6283
212
2532
8568
4947
8806
4701
8952
678
3417
5567
1167
4823
9592
1805
1328
8206
1442
1144
9373
9412
9501
9252
7429
6177
9687
7856
4575
5514
1079
6138
4057
1755
4584
3303
7721
3601
2699
6179
6406
4004
30
2106
3732
5694
9548
6469
6814
8191
4125
3428
6929
7611
4775
2349
3923
8227
8766
6679
982
3084
8118
3765
743
8158
1383
6661
1933
4408
9755
3283
2010
8686
351
8803
5659
5719
104
6382
4880
8658
3986
9462
882
644
3801
8473
2463
2883
5218
4454
7609
8290
6400
6248
2857
879
4400
9121
9612
532
4231
6731
473
1380
841
2077
2546
2967
3643
7868
3953
3263
136
5018
4782
1927
7325
5351
9015
6123
4340
4805
1206
9259
2525
266
56
2321
9069
606
1146
9176
2484
3724
5140
3669
4674
6201
9569
4745
3510
3994
4304
3015
4571
3940
6134
4496
2350
1342
66
8763
5149
1657
2780
355
1623
6234
9121
1219
773
173
8860
4721
435
3662
1275
9362
1735
6720
8063
4073
6085
4380
8574
4952
579
7901
1816
4750
5630
6778
9675
2175
3388
1954
8359
5026
1959
9610
6398
8565
5913
820
3755
9384
5886
8108
5258
8516
6712
3748
6742
2582
5293
8317
2901
4417
8534
5213
2549
6367
5060
9372
3273
5872
4643
9715
3850
4945
258
6599
3774
2361
2878
5683
1137
4494
5449
6576
9216
1576
7830
619
9427
4362
6764
2726
2944
8557
3123
327
7636
3279
125
4746
5763
9341
4150
257
8085
1172
8606
501
7096
2506
3644
7513
3946
6744
3807
8928
1661
6729
1393
5752
3529
40
3509
1492
4855
3509
8971
5834
6045
7096
5322
7999
5111
4747
3979
9031
7903
3829
393
4290
9345
4424
1065
4457
9619
3479
1146
5901
1531
3710
8469
2511
6506
9339
1445
75
7643
3173
180
7496
3957
3300
5580
4648
2514
3630
5823
9238
9764
6689
4106
3856
9472
1350
1150
2000
2011
3496
8886
9130
4591
4299
538
4403
5823
4747
3046
6665
209
1279
3585
5659
6910
1234
610
6456
4713
2505
7521
7142
4919
9680
7670
1347
7496
1797
9457
687
2796
3641
6163
7058
5960
5692
1431
1324
7981
4455
5912
1935
1623
6681
2131
2355
1833
9172
4310
1370
3785
7011
6800
1164
2317
8395
568
3785
3239
9361
1466
3083
6107
4188
6525
9106
5580
1035
9096
3889
9053
7909
502
1307
4290
5595
2893
7177
8491
5401
4913
2826
2687
6136
7617
1475
875
9195
1636
1796
6700
2472
3274
179
205
1949
928
9115
4840
176
3886
7841
4537
1807
6939
1703
8327
286
211
8180
3430
8269
3786
2044
7827
1794
5905
7571
7819
1914
8308
2663
4259
5919
7990
2038
2317
1686
9626
8252
6257
1781
56
2699
2680
9522
1321
5451
2541
4244
3402
9435
1902
1253
2811
6667
1308
3316
981
711
1086
6666
4312
4458
6561
9050
6259
5398
7952
3973
9184
8430
5272
5028
4348
1928
7442
4283
3654
2177
4792
8802
7374
8489
8851
2544
791
4627
5668
6922
4152
3063
6236
3059
2951
5867
4428
1394
4226
7693
3344
2329
3018
4872
4005
9518
6469
5243
1017
3149
8244
4069
6777
2194
1496
6546
6609
3574
5223
6427
130
9441
7157
7265
5245
3479
8075
5831
8754
6715
6601
9760
3135
8858
5634
2597
846
356
3784
5346
261
6482
1069
8346
6695
6636
530
5995
3650
5176
3609
3393
1140
3920
1849
2032
7985
7294
1041
4527
6128
4919
4665
279
6009
256
6655
732
6968
5156
3388
4734
3558
3079
9186
4688
7278
4127
2347
1446
3783
6778
3839
5488
7433
3414
9399
3208
8450
7413
3702
7231
8828
2273
688
5987
6475
4951
1712
8413
981
7485
3561
3531
6997
882
3923
6828
183
3393
2598
1916
7260
8227
4022
373
5969
1944
2913
1114
5241
5153
2394
7429
6902
9268
8372
8941
118
6210
1113
4528
6540
4770
5000
512
7084
7571
1775
2249
577
4741
8593
8124
7945
9656
4575
4475
7714
5249
3115
7629
8305
137
8271
6368
432
4932
7554
3621
5813
2172
1847
4570
6553
909
8469
2504
7306
6758
9584
2426
3555
1204
3527
5813
3971
848
6605
1460
3668
8325
6855
8012
8860
1320
2765
9498
5045
8573
4943
5454
3937
3992
171
5028
7929
824
2881
9496
1814
1252
8105
6639
2801
8161
538
3581
3374
8696
4573
5874
1506
2808
7374
6047
4142
215
3014
7615
3458
8662
825
8033
8881
3123
5692
2365
5895
7990
9537
2148
2687
8150
1340
7611
6420
2201
3315
5990
166
8530
5298
175
60
7666
7703
2338
900
7251
3623
3761
1457
3675
1429
5392
5009
8908
633
4600
9300
2807
5165
2581
5789
8855
2986
7119
7831
3880
3925
9502
9604
2960
1931
9714
1565
5670
7045
3053
9067
30
7214
383
5375
3705
6543
9108
6721
4098
3472
7493
1444
3091
426
8467
3033
8778
6495
8250
8449
933
7245
7707
1867
2626
5759
4566
9114
5997
1232
3778
495
2808
6965
447
6965
2533
9665
8478
7912
5854
607
581
5656
8430
2591
1357
7183
4182
1882
5684
5503
6050
6068
4964
2567
7511
5802
5679
2358
9279
1272
4590
7519
9753
9231
3861
69
7975
4638
8753
2574
8657
3102
6315
8676
6148
3714
3988
4796
6882
5406
8876
6185
5383
1881
1472
4747
2935
7311
7650
7248
4853
7570
1365
2076
4229
3993
6281
1461
521
8416
3441
2517
2545
3407
8632
5901
626
700
6491
6494
5287
4769
9056
968
9674
2046
679
638
7483
4667
8384
2573
348
619
9349
8705
1285
6516
4668
277
8456
4159
7823
196
8690
4460
9008
4968
4019
5382
7084
4680
669
4406
4731
8563
2251
7024
669
3917
2997
4116
5551
4642
607
5475
6294
4462
1494
1676
2904
3490
538
4558
7043
3273
4461
8362
2306
8260
7391
5517
7747
5636
7019
4568
3943
4968
221
563
9443
3095
5593
7344
7066
6215
3694
2019
2658
8433
978
516
6015
3792
9479
9529
4286
54
6468
7907
7667
7732
8717
2301
9184
5499
3016
9277
9453
5262
2682
5934
4102
6928
1610
1681
2115
8876
3752
5241
7991
42
2243
7794
358
9741
2849
6561
9072
8656
4585
8980
8945
4510
822
4664
4711
1790
5709
361
736
8062
299
4257
3388
2889
8227
5848
7929
1798
8708
2767
478
1641
743
78
1809
6357
6962
5103
8453
2471
317
9471
3190
8323
2856
8610
7357
4544
6452
147
6683
2280
5589
9443
9630
1282
6545
1407
4468
2361
7618
8000
3148
3668
1827
5648
4806
2308
6714
5311
1727
6995
5398
4819
1084
6471
2122
9148
3265
8221
9032
1745
8611
5835
3136
3669
2990
3467
7864
6601
9528
6044
2797
4939
1939
5018
3868
7906
6645
5664
3564
8398
1775
6259
9309
5987
8232
4249
3654
3018
6122
6613
9056
1920
4148
4433
4015
6245
2527
5043
3133
9513
3245
4126
8520
5925
6051
3783
5512
5437
5689
367
1948
2868
6628
6057
5479
8768
326
917
6364
4076
5053
397
430
2265
6803
2541
9501
9457
5389
7624
9028
630
9194
7177
2138
6679
9593
8504
7245
756
9264
1991
9427
2297
5581
8806
4675
2936
5868
295
4645
959
2934
8388
3324
7727
994
7872
935
7177
1294
7285
2614
750
8109
1639
2764
8527
5211
5308
4090
6304
4315
4883
5545
5092
2178
1807
8011
901
8366
4489
5985
8529
4336
3983
5466
2566
3818
3802
902
7323
2051
8706
320
4938
7871
8155
2689
2164
8508
3379
3116
4135
3308
5084
6787
6900
8636
9481
2193
8018
7203
9093
3178
4944
5164
4025
2857
1415
6731
3429
3383
8829
3101
9334
2474
7950
7208
9167
972
6748
2117
1655
1216
2004
8533
2857
5353
4025
4462
7342
7462
7315
7189
4777
3043
2295
851
6612
5367
3986
4080
6874
5394
8779
4866
891
5795
980
4127
4969
581
4110
2611
2278
4701
1778
5703
6434
3879
584
527
2719
2157
1828
8276
1775
6937
1206
5038
707
7916
6721
2521
9275
7396
5631
6599
9073
6562
5117
7728
4099
2389
1814
9004
5758
1882
1873
3372
7477
9227
4495
9638
6115
8236
614
3217
4247
7433
9646
5927
9669
6333
431
3733
1525
2636
2594
7110
7271
938
3030
7676
5521
8814
8564
814
64
8563
5751
1393
3616
5891
6176
6736
73
9372
7705
5234
9173
8915
3833
9303
8250
3573
163
1908
2525
6379
3756
9748
9660
7517
9446
8963
6020
9200
4469
4530
1783
4414
3861
6993
9143
670
4985
6261
2301
8020
5472
185
4349
7898
6610
5693
3849
5017
5167
8633
5683
3529
6466
8375
5718
1572
5643
6137
6414
4405
8311
5013
1085
432
270
6384
6623
7487
1901
5048
5190
3009
2068
8227
939
6361
2921
9306
1790
598
9247
7688
2649
8970
8036
2637
8611
4681
2327
2620
9725
3471
8330
5947
7554
7490
5857
3047
4225
8486
4857
1420
8060
8920
9033
5844
3554
6342
7889
374
6619
5044
2227
7502
4992
6391
1664
3955
9712
3508
2975
3617
5101
6188
3676
9743
6601
7568
8862
5342
5195
3566
7045
8892
2943
8809
8631
7629
4457
6805
2627
1912
2044
1527
4940
5681
8184
2394
1829
7077
819
6438
6469
2105
4873
3088
1201
3095
6174
9342
1422
2586
1664
9625
9058
4842
9131
4019
9193
7746
8683
5913
5681
853
1743
6967
4136
955
6458
741
6763
2771
5339
8218
3667
4699
9005
9272
4846
3258
1169
8136
5626
5771
4775
6088
6358
5929
3885
1121
5214
9436
8331
6455
9520
759
7380
4208
3509
3974
3184
2444
817
8417
8891
1770
8811
144
9349
3413
8845
7469
286
5987
52
3780
5588
3064
3884
49
5606
5343
9288
8906
706
3967
190
3171
6077
8440
725
5685
47
4756
7552
2657
5560
6044
4850
134
3845
2889
7566
1724
3665
3505
4719
2725
7928
9497
1001
375
313
3261
3941
3781
6936
1286
8747
8546
4755
5082
5038
9263
1779
1682
6981
5769
7338
3233
7902
5332
1096
413
5710
7542
689
986
694
4340
8479
3228
3480
2659
9299
6214
6329
6365
1901
2462
7434
879
2542
8927
1874
7958
808
7706
5528
7995
6280
3436
3212
1321
7658
6577
6111
3122
9432
69
1082
7479
2263
6153
3252
3619
541
1973
5482
5832
6753
3977
1503
1449
4073
444
6434
9129
7211
6785
8957
3957
7316
6298
8134
2847
2269
9635
4819
9558
6822
6877
4870
6501
7345
4637
2043
3683
994
661
6579
8869
6832
3960
3622
4477
373
4150
4947
7763
8307
2360
238
5214
480
6219
6550
975
7788
8657
5048
3181
322
8483
1481
9213
9690
9204
4976
6485
175
3408
5487
7408
5842
3074
8263
8363
7752
44
93
2677
4579
3385
60
1876
2150
5587
5437
2867
7299
8046
3778
2618
9314
9019
1447
4362
9292
5829
276
4222
2124
7614
336
3910
5067
7392
7427
2222
5780
1234
2296
6787
9193
6917
5184
5974
4301
8276
2691
6892
7113
8814
926
1019
4967
3749
8730
1102
7185
6016
6120
4257
1407
8575
2460
7315
4980
7524
2314
8800
5448
7962
4079
6627
4173
7689
2439
2776
2509
8577
6986
5235
3920
2676
3667
5529
4653
8094
6252
6261
6730
1385
1589
8565
2125
2596
138
1322
5476
8100
8360
6808
5809
8386
6458
2206
5558
2824
7455
7582
3519
4228
8184
9102
9210
2662
8495
3481
9574
7375
6321
5971
532
7615
8335
1088
5677
302
1699
2138
9133
6760
1090
6295
7934
7424
9373
2855
6587
8623
2389
1224
8493
7531
174
906
1570
2246
3612
7092
3110
9688
9642
3273
4386
2482
1467
6534
2862
9044
8697
332
3824
5713
2223
143
974
7776
7066
358
9703
5719
130
7947
9066
1282
176
3369
9004
3392
4351
4715
6982
6488
2997
7433
1308
1541
8256
5268
7057
4615
1682
1267
2185
3785
9180
3492
2217
8622
25
9473
1596
2440
5848
4151
7151
9629
4135
8583
4328
2799
3578
2032
9034
9102
7820
4885
308
4701
2906
2743
7369
5878
2590
3801
9284
6404
8890
2963
1436
7124
526
1018
8202
4590
1958
8462
2943
2650
323
9066
6889
767
1679
9039
6331
3077
3639
969
5788
9166
9143
3073
9441
6217
2794
1663
4538
6804
6628
1694
6017
9367
3931
138
6505
9245
8914
8708
7079
6529
3420
8941
6850
567
2115
9711
1715
3642
1731
8106
7107
6886
7087
6243
4892
9314
7611
2116
6568
7775
9162
9705
9388
316
4314
1467
8582
8363
3620
5765
9437
9190
6737
4605
3397
8929
3836
315
7171
795
673
8886
488
7982
9565
3783
4911
1017
9099
5131
424
1313
263
8529
2104
6153
7756
6516
961
138
1881
3068
9365
5591
6261
7228
4151
8469
3994
6377
2562
6165
8886
594
206
5802
1599
3967
4341
1416
5282
8518
9096
3056
3641
5361
7344
2808
8961
2400
3710
1416
865
5004
176
2069
8858
9701
8187
850
708
765
2322
4684
4157
5764
2471
3964
8411
104
3049
2498
6845
9406
2164
4404
8605
3241
2063
2367
7738
457
943
425
5718
8747
8722
1519
5063
1916
6701
2388
4956
7018
5013
4926
1067
8923
5089
3447
8166
1129
6133
8055
5623
8208
4472
7318
7753
3998
5718
4821
7743
497
4339
1708
4965
8573
944
7629
8386
6084
2937
5133
7304
1262
770
5088
2170
4068
453
7790
6228
7087
72
3964
6227
8670
9030
2434
4162
4742
3244
9709
4449
6517
9589
7284
4622
3655
6546
4950
760
6061
3197
5094
1256
7042
809
6245
4138
782
1682
6274
2365
7824
8927
7245
4669
5459
8473
6265
7324
4767
9511
1305
9557
4654
6768
9010
7630
2786
8414
4982
678
4224
5276
7390
5009
3442
5489
7735
5858
289
8438
4031
8458
8544
7450
6335
6908
4791
7302
6979
1612
8892
5259
2268
5705
8955
6445
7486
3511
1044
4914
8994
9386
4036
3517
1087
3734
6530
2823
2945
6908
4150
4547
7532
6456
6651
2586
8308
7666
5442
9355
7848
7610
9281
3546
9045
3350
6982
7212
7182
5084
1471
5845
6588
7676
8156
7093
5912
6703
3198
7794
7341
3289
6896
1576
4275
8643
6209
2760
5113
2066
8761
4575
6388
5773
7719
733
6143
8505
373
9388
3217
8858
5641
3361
1860
1893
3025
191
5900
7523
809
9415
26
7876
413
5124
8224
4043
3336
7613
4681
3426
3684
1548
1047
5546
5139
9665
5188
7815
434
858
755
5901
1100
5020
7509
3421
3184
4543
2436
7949
6471
6707
7427
5435
7775
6254
801
3986
1294
1452
4446
5127
7606
7350
7411
6766
6434
8535
806
865
8508
9624
664
8543
5729
2856
7147
5950
1598
7895
53
8012
6443
6788
3882
7003
1781
5892
688
6507
1755
6120
4313
4343
5885
7113
9405
3657
3031
1572
4339
2540
3683
4928
4440
7905
8485
787
2875
1259
5395
4378
6206
9325
1637
4005
8979
6783
70
66
3561
6660
3293
7793
3091
1723
6994
6270
7930
4723
6694
2622
974
9630
4635
5379
9149
4350
5708
8850
4320
1192
8111
8563
677
1863
4873
7197
2209
6553
2205
8574
8726
530
5420
7596
9715
6997
8060
6859
6752
2770
5424
9085
8665
4867
7903
6433
2757
5894
3807
4271
6590
5182
6171
9640
4363
7045
8312
4427
4901
926
2264
8866
2114
3359
1160
6540
512
6777
5787
4659
3305
4608
2287
5742
2677
8960
6186
4596
655
9665
5100
1274
3925
2891
840
975
2537
1760
8816
4300
6017
1782
3371
5233
2232
6602
2291
1520
7950
9665
4623
3008
9539
9435
39
2410
32
6835
936
9139
3114
6866
5149
7856
8980
1866
9301
3426
8119
5793
7255
4034
6997
9704
4020
3728
706
2148
7575
5997
7767
7161
5088
9525
9010
6384
7812
8299
322
4428
1554
4318
314
3741
802
367
5359
2304
4359
1379
7968
1720
661
1539
9052
7482
3086
6078
671
4756
3293
6975
9003
2093
2188
8501
7595
4729
5175
8028
5852
2533
8702
3054
8449
2750
8648
7609
4010
8665
299
4361
1510
4025
5128
6832
8646
3155
8447
5071
4014
3572
6250
525
3217
26
5143
1026
4599
3634
1799
1396
4067
5684
4553
5469
8268
6451
1578
9035
2367
4181
1500
1992
5259
8563
337
9557
9385
8645
4800
1403
7273
146
7518
7538
7061
4073
7709
4561
7793
6864
5362
585
4418
6993
7130
328
3726
1895
3463
6942
9545
7383
5726
5017
1636
844
4783
5785
5242
1237
1503
2928
714
7626
4256
495
9616
4896
3815
2193
5790
6110
203
7914
8374
6716
4093
4236
7731
6693
3263
8366
6202
7159
1251
9567
1047
3017
1763
1283
5113
8560
4568
1915
8732
7871
8334
8725
8198
2994
254
585
4957
2380
37
2012
5010
7209
9016
5182
4478
5680
4498
958
5756
8018
1580
9000
6264
2984
5447
7629
6835
4706
4335
5862
8030
5493
6735
1783
6830
7477
4935
6901
8237
1382
7349
7301
8411
187
3539
8997
3807
5483
959
8441
6514
697
4210
4989
3060
5071
7485
467
7252
7307
1470
3151
4749
4688
9398
9756
4313
3206
3922
8477
9622
3848
1078
7226
6668
1172
5933
5496
355
7107
1705
9143
3315
6632
8648
6290
1473
3696
7789
7151
6121
7324
3445
1211
8514
6593
2800
7712
944
2189
3677
8933
614
5667
320
8746
801
4367
4906
8951
1398
1482
291
1622
4140
1659
8214
7394
8546
5864
6122
8202
4166
9461
808
2530
1396
899
7612
1902
1629
1193
5524
4683
6561
5793
8514
3329
8885
935
7940
5311
2133
376
7374
6660
5339
7387
7550
6285
6608
8218
1048
3799
4764
3691
700
1070
3200
8862
5820
8771
1652
3080
1269
5080
1420
3942
9473
8753
4918
8350
570
7346
5504
199
1157
8955
4059
1120
2939
7599
1276
8756
1234
4613
1582
4141
1166
8128
6541
7389
5205
7804
562
7702
5980
9185
591
4783
8825
487
5519
7908
7563
1430
2183
8218
3040
760
7950
819
7797
3854
3031
9444
7430
684
3065
5179
2007
4465
5109
1126
8217
4770
5480
8770
5232
3173
7268
1357
4836
1131
7953
8966
9429
2511
4709
3288
8916
3552
1958
609
367
9544
556
8743
1637
3735
5488
3852
8902
9718
309
4072
6290
4677
8829
2238
3625
9080
7651
4561
792
3157
5498
9405
4231
2815
398
880
5721
2534
4523
8835
6562
1574
8509
8054
2426
4339
9689
8290
6849
1394
5438
4249
7381
6445
2086
5333
9111
7280
6269
1775
4168
1094
1409
2602
7861
3083
7271
424
2519
2803
7729
557
1314
7963
9278
8694
148
7771
9612
7255
296
450
1645
7284
4841
1143
4088
3121
3582
4235
3183
239
6401
5116
8284
328
9416
7340
5230
6641
1461
4977
8311
6721
1529
71
5030
8842
7934
5333
3708
4225
9375
1880
6246
330
3589
1294
8361
5633
7638
7924
7616
7073
7924
3645
2519
1494
2110
3093
4283
4903
4937
650
1042
7821
1286
9271
8583
4864
6715
7256
5333
370
8430
1075
522
343
7699
4213
4712
5700
4449
8963
7572
5040
6627
3599
4497
4840
9238
2148
4231
6352
9388
322
5216
8516
2428
2349
1834
915
6656
2040
6218
8452
6471
6718
1372
4784
5425
7740
1622
317
1132
9050
3235
9630
7674
5956
7141
7733
9082
365
7640
6776
248
8974
5187
5808
3796
8014
3793
6721
6562
2018
336
8534
3600
828
5710
7501
4973
294
3103
9003
4018
2560
9031
5671
7333
6251
2823
9251
8814
245
9609
8455
6931
5683
8894
7876
7364
3072
9175
226
8561
404
3978
6299
4081
8990
5491
62
103
2517
6880
8871
5762
3451
1239
1558
2561
6041
6891
1225
2614
4630
7284
2649
9455
8212
9761
3924
2846
715
3778
6226
7068
7526
3487
4878
3160
3312
9092
9451
2903
9187
9227
876
3688
8710
1651
4497
513
1915
8859
951
1645
2884
8619
1714
2600
5494
6837
1473
6869
400
8965
1366
9478
7332
3832
3986
7756
1143
8321
3686
1853
2805
5129
9738
9083
4225
2607
9636
1768
7336
340
1068
2166
7821
8471
9114
3443
7703
754
4620
8931
6054
7919
6215
6336
5331
5359
5166
5653
8679
2936
6700
4701
6048
1762
6851
140
5775
4360
8769
9744
898
9719
6727
6767
5578
9585
8652
4239
1086
9279
3751
3906
5806
2671
9483
8319
2000
5629
1315
7393
536
5842
3500
7669
3614
9655
3634
6311
6396
3853
1106
735
6865
4985
6612
4748
6298
1756
5151
2093
7524
7599
8256
6315
2622
2364
5201
1055
5466
8496
1417
6214
5855
3178
1079
7487
9145
6884
4780
5035
9419
9536
7923
5666
4389
4788
593
9482
68
8255
6777
5179
1301
3978
1765
5491
4973
8496
2680
4502
3132
9233
5435
9258
2248
5631
1538
5340
2781
4278
1799
4826
1506
4777
5034
6477
7793
655
2895
9739
9483
7294
6075
2409
4676
6333
6517
7737
7452
500
725
4188
2698
3103
9049
3181
7175
4508
8707
7918
3859
4411
5468
253
8892
9589
5150
1466
4756
9076
6866
410
1817
1999
6460
2585
6529
6804
8704
626
2594
244
3299
4402
4058
8931
5013
2629
8693
141
7162
6668
6326
1443
781
4184
3446
3296
7316
5450
1429
4163
6493
3491
6424
4710
8237
8447
3393
6982
8211
7824
4486
6003
795
5282
712
6108
3723
1226
3481
636
852
4864
7375
2702
3193
5837
8212
2958
4576
4309
1532
2891
3303
3750
1316
5171
2437
5452
8988
7110
4305
7687
1017
4878
4346
2561
6240
7392
8908
1712
6419
4364
3735
2214
4361
9529
6434
185
7506
4040
7807
8250
4915
2101
5495
3104
4493
3069
1042
7425
4897
1114
7293
8733
505
4640
9330
4469
8304
4903
8449
6202
5558
1007
6003
4378
9748
5010
5320
847
5812
215
7951
6998
1505
1533
6286
1482
5940
6457
1012
9141
1118
8814
6202
233
6315
8942
1211
3849
9703
6094
3654
1791
6018
1608
4431
8129
3175
8078
8001
6062
5828
3919
5304
6047
8695
7169
3657
8576
679
9759
6684
5674
8909
5497
5953
9443
6283
5074
2592
7419
7385
8495
5176
6976
5325
3804
6025
279
1973
2256
1028
7529
6467
8776
7896
7802
1990
8915
3241
3032
2374
8737
6166
152
1152
3017
799
8199
503
8977
6812
625
505
4388
5541
1255
590
1303
3223
1325
2570
9290
4886
1332
5441
8083
5145
1922
8598
744
7794
9504
8540
4437
3771
1719
3774
652
6217
500
263
1148
7691
539
2563
8845
4631
101
6662
5185
4836
3947
6835
3075
68
7586
6214
9180
5676
9318
3343
9410
639
4245
2673
7630
1397
5355
8776
6972
5650
7374
3168
6254
7575
7840
8820
587
9690
8106
9649
2951
2265
2781
1924
5986
8030
1892
1313
6911
5636
2511
3390
8597
9038
6679
4083
3317
4599
5520
5706
5989
3414
313
5604
675
3474
3677
1290
8341
6144
7856
3146
9738
2174
94
6991
142
4869
7276
5386
7991
994
6789
7799
9015
9066
2982
4506
754
5468
8739
3484
8675
2374
1394
7669
5012
6644
3405
1401
8291
5751
7396
5219
4451
2511
2730
9583
1453
6405
2312
3064
5341
5280
8711
7185
271
765
9686
2243
5956
4953
8063
3582
5942
1170
4312
7151
5063
9537
8233
8255
8164
7367
3182
1649
6488
6325
3849
9745
4783
9329
6475
4024
4649
4180
8048
3651
8121
7998
5577
669
2677
5951
4786
1924
9008
4822
8554
4583
7932
6912
6058
6313
55
1710
1440
1175
8700
8550
4665
6796
2676
2310
2427
946
7329
6000
4871
3648
2445
6326
3670
6719
8533
2472
9132
1406
2295
9108
8051
4345
352
4423
5844
7126
3526
9199
4347
3290
1832
7704
996
8552
587
5207
2973
8142
2783
6431
7428
7755
5112
8959
1231
5475
2694
5057
3925
5495
9192
4190
2291
6103
5138
5116
2538
4036
3944
5565
3483
4758
2670
7390
2796
6928
6546
6238
186
387
1638
7768
1993
8869
4103
6137
2024
7627
9542
5341
1986
8287
1409
7928
1584
9664
8245
3329
8751
3507
3630
3626
4237
2320
8932
7247
219
2878
3776
511
8574
9044
3349
7184
8152
5275
1436
7401
5524
4995
622
323
4887
637
1550
5572
7825
5071
5063
8395
2840
2585
287
8066
5321
5825
3004
8361
3739
289
2108
3049
6708
1828
4049
2905
5898
4379
7377
7665
3901
6713
9729
5989
2059
4920
3094
818
5146
4936
8090
3987
4539
6356
8049
798
5134
5398
7352
9490
2220
4502
4384
3776
4189
9652
7321
6343
8363
3097
5437
2205
162
6898
1149
3668
357
9207
680
7027
1292
5414
5148
5811
8099
9310
3222
3424
4609
5093
9653
9256
8389
3415
9188
5765
1831
3868
8516
6992
6706
4767
1183
2856
9027
7133
405
7107
1527
2763
5553
1886
9405
7186
8843
2767
6589
7128
7821
5437
4979
4318
7378
8652
390
7395
6197
9705
4320
7640
5549
8991
6288
6107
648
4163
4934
854
7901
7431
111
6282
929
5640
1862
5528
7497
3873
2338
3282
1387
5416
8796
7567
5188
1552
8419
5484
3968
4281
4801
6643
6207
431
6795
2012
9114
6073
4445
3061
3995
6920
2705
7627
1838
2095
1998
3913
3316
3915
9158
917
942
6513
3167
7967
4067
1711
7363
5640
6673
3667
3175
8849
9647
3095
7887
1064
4333
4764
4296
2741
4843
1798
1392
8746
4623
9321
4186
4318
7359
4400
3470
6354
6892
5464
1626
2903
2093
5312
7912
3425
8689
1090
3059
2720
7986
5163
9641
2981
8106
6912
8757
5194
5207
2954
2630
4598
8345
2781
8544
7358
5931
388
1028
1636
7171
306
2272
1361
7466
8093
6354
7764
6236
500
4757
8939
4127
8375
4579
2429
4387
4476
7458
799
9613
1251
7792
5602
3077
5930
8416
1793
5802
9744
5090
978
8879
9538
2473
3791
1047
4263
3064
338
7522
3950
1356
9499
997
5990
3047
2582
1854
640
9113
8300
87
8483
7074
2078
5122
6367
1099
6393
3415
8380
3838
9254
8013
6396
300
5273
3588
3245
4423
7538
3348
5860
7350
5346
7686
7275
8727
350
7649
6625
1489
723
1931
1814
3848
5731
7234
4347
5423
9001
2229
7120
4870
3056
5404
2810
881
5804
5844
3173
5600
627
1136
6546
6919
7919
5254
9637
36
6474
5540
4190
5633
1863
7989
6316
4100
2413
5401
2659
8361
7672
3005
553
7593
4046
2239
2777
5377
4039
2477
1748
6534
2478
1648
9635
5708
9455
7951
2292
7660
6659
1126
531
4879
3556
7768
581
9684
6770
4923
9455
3090
1125
4529
1107
5146
7610
8642
3906
966
5494
1827
3345
5234
2892
2395
4882
1735
1811
3690
6457
1207
9192
991
7496
8725
8946
3644
6125
1900
3371
256
4472
6358
1298
5704
6003
1697
9431
1128
5026
2425
391
7206
9650
7234
9248
3155
9141
9552
1485
3503
867
3285
4582
6598
1315
9688
2203
7787
6429
5260
974
5165
6273
9316
618
9689
4255
606
903
2308
8053
4750
2850
6391
2267
3031
4927
3479
1079
2244
399
9743
5519
6255
1776
3559
2303
660
9250
5233
4906
1510
1031
8010
4429
7930
9322
5896
6427
9409
8607
7879
7561
527
4746
8545
5150
9113
7602
6679
6750
3090
605
7868
9037
7759
8154
8078
37
2915
7636
1998
1186
6491
8190
5446
6064
7559
598
6570
9759
3108
9430
700
9404
8357
7123
6623
3378
8792
8547
1407
6657
5355
1810
7103
5737
8512
2194
3691
1564
8546
6813
1739
8202
8840
7046
298
2926
773
2575
6914
5986
1157
4091
5922
431
743
4617
4336
364
3416
4015
7150
8940
7390
5294
3532
7056
8261
567
854
7084
865
4214
9643
6389
2557
4491
8129
7054
2436
8865
2172
4885
4530
846
7138
5684
8637
2671
7429
4828
4269
9471
6665
7075
2952
6336
949
4017
2767
5190
915
7635
4574
4019
9062
4079
3289
6575
3638
8843
2335
6185
6380
4072
6246
9371
5781
8279
3217
8880
9105
6779
4154
410
4543
7568
3628
6515
4476
7053
527
7966
9076
8611
2644
6943
5125
5135
4155
4415
1780
5263
683
5002
1746
1307
4297
7495
4087
4834
5531
5683
27
3789
8327
3737
4835
4065
6495
8624
902
1164
6832
5759
7071
2239
8942
7936
7926
8144
4676
3978
3972
7877
6380
7805
1349
1254
3112
7425
7245
3857
4426
5870
7873
8816
5284
2690
2890
1123
1804
3550
8943
3628
3429
6648
9429
5676
373
3929
5892
6315
1299
6546
8359
1295
5103
8511
7353
7768
5639
8422
2477
6233
5444
3598
5736
894
2552
8226
7494
5282
7023
4476
1934
112
6707
7889
5198
9308
7884
1960
1663
7262
6745
1739
952
8397
5112
705
1681
7016
421
8365
7310
5142
2819
7832
3002
4758
6373
6584
5483
5648
7887
9598
3927
6090
3635
3904
2456
4423
3081
7180
9279
6422
3251
5853
5592
9675
6369
6591
4212
7261
1560
909
461
588
1755
6556
3323
7174
1025
6787
9045
5269
3233
6879
5484
1452
6123
1357
6830
3130
9475
6710
3603
1608
3444
1995
3154
764
7443
3184
7417
753
1381
798
2502
5099
969
7324
8220
2078
9706
472
5356
6042
829
6169
7989
8625
9071
8156
7015
7731
4284
5300
9659
9664
5240
8458
4994
5988
1519
8970
5716
3452
7127
2923
5174
4169
6772
1580
7894
7506
351
1880
7319
9262
6871
2499
4183
8604
4249
3761
477
1400
2694
4613
4496
5326
9728
2572
1267
7400
1676
859
814
5533
5153
3920
2682
2697
1918
5502
8661
6190
1536
3998
8780
1279
3717
9512
4016
4120
5301
2999
2874
1636
2695
9511
7065
1934
9567
6164
5976
3825
3326
3333
9734
7696
2440
6587
7614
8044
4036
4452
8614
680
7623
3404
8572
7876
8871
8641
9629
8835
6398
942
8371
5675
8537
596
7288
9044
5095
5210
5901
9479
7037
7608
8081
7225
2427
3071
1099
7433
3877
1170
2709
5982
3841
3590
6597
9174
3370
2523
115
4537
3964
3063
9302
4291
3150
9399
2459
4784
5605
621
2746
2563
5109
5219
4404
2874
3318
8235
9439
5291
4738
3954
6783
8922
6560
4720
5440
5765
2122
9359
8806
1048
3554
108
2147
8714
3313
2127
1402
4484
6135
5453
2877
2107
5758
3888
8293
865
7974
1178
5614
341
451
3766
9674
7913
7732
3668
6325
5352
5460
450
4261
196
6510
1692
3053
4873
7009
47
4644
8206
4039
3189
1897
7984
649
7048
2913
1521
3109
5192
8799
7457
4258
4938
7149
7144
8005
5037
1102
162
524
8122
3447
2158
6076
8007
2741
3360
4573
9410
8452
682
6520
3952
56
5494
6764
6029
3993
6441
3334
3911
4509
4876
4889
1810
4316
3325
5047
6644
4254
5190
103
7422
6385
7180
8908
8763
2965
715
3303
2415
5197
2757
6537
3387
9086
2036
7995
7406
3143
5004
4857
3896
5706
5794
4969
8864
4015
3585
3502
7675
4416
7553
4250
1262
5699
6391
6518
7242
6521
5352
9628
2941
1674
1721
6036
8698
135
2836
5023
8496
7699
8551
4072
1325
2535
6768
7008
3256
359
1253
1304
7443
6971
5936
8022
4592
6752
3046
1763
363
513
1892
7799
749
29
9098
8875
4361
1457
7182
8038
4554
5846
8557
1446
1864
2304
6839
5001
3096
5011
9722
61
7572
8816
4464
3911
6332
5324
6531
846
2953
200
5799
1289
9250
5085
5730
3493
9192
1280
6041
1253
2848
5925
6067
6698
2320
2463
7241
95
4535
9761
5844
2681
6027
4125
1425
4930
6637
9271
5798
5892
910
4237
8833
6705
8306
3934
4727
3910
643
2731
2008
3632
1382
2096
3108
7751
3847
3891
9391
6073
3780
7271
9521
4647
434
6493
2065
8479
2948
4621
1296
3411
4770
573
1955
2486
6942
9588
1917
7347
5545
1079
4572
4738
9049
1650
4614
2059
4081
2910
6246
8057
9008
3855
822
2792
3022
2408
8857
1025
9051
7857
865
5446
2072
7839
4098
5556
1832
3390
9328
3858
5088
6458
3058
8799
1995
7535
3907
4869
4912
4452
2602
1135
1351
4719
4412
9020
4077
7721
1034
3472
1069
7259
3049
7865
1507
301
6490
7750
1054
3143
1980
488
1919
3838
3746
7219
9736
7636
3256
2898
7943
295
8543
2457
5837
8527
2261
4619
9195
5684
7972
1021
2078
8514
7243
6098
5006
4034
5284
9152
4941
3365
7956
7952
2014
6810
5565
9417
352
1966
1259
6422
7009
5989
4043
9066
1092
6084
7833
6437
1683
5184
2234
9447
8329
6247
535
5701
1077
729
6769
2389
3943
4039
8690
8255
1032
1803
9027
9299
3045
8371
8003
4808
2575
3916
2955
4868
4256
7703
351
8027
1281
7358
4396
6423
2051
487
9570
7051
417
4512
9381
566
6412
6816
9315
5417
1805
7421
9678
4824
5526
3854
1501
2730
7370
6559
3549
1562
1266
7272
6740
3401
2202
3218
5412
3162
8720
7949
4991
729
1593
5883
4647
4747
4225
2997
1660
5120
5948
4985
8999
726
7398
3293
1331
7694
3912
8812
6158
1499
8683
9277
377
4057
379
7371
3028
4460
1188
5800
1028
8110
1925
9411
2121
581
8386
647
712
2462
2265
3683
7618
1906
8114
6604
3620
9505
4778
1121
5866
2620
1102
443
1018
9385
7834
2111
3132
1809
6203
4445
3174
9097
2473
8011
7268
7823
4884
2121
4033
8741
9334
7275
8275
1160
7601
3224
8480
6014
8564
6299
588
9682
3919
2240
8554
2460
1930
3668
6643
508
733
6095
8084
712
7400
9605
7131
3971
5968
3664
9437
9503
2735
7107
5459
3366
6974
3631
9390
1629
2333
8838
1344
88
4463
1110
2613
5386
8296
4322
3709
4653
8851
6409
1369
6091
4268
4531
3528
6690
3715
7966
2666
7802
4553
4354
1017
2603
7570
2447
863
1767
5935
9085
4036
8498
5310
4442
452
5770
3962
6158
8213
3435
4697
8896
8390
6449
4048
5073
9494
9151
3896
7446
3894
9332
9108
6018
7784
4343
9159
2284
7056
7166
442
3189
7840
4517
1361
684
9642
2278
9264
9672
4952
873
7144
3958
7754
1528
3492
8637
9463
2310
8665
4173
2111
5370
530
8094
6534
3755
3249
8889
2903
5362
3746
2022
7638
1212
6175
97
257
5640
8114
6547
4376
5326
607
537
9147
3793
2146
8873
8862
5919
5243
8874
7822
127
2646
6770
2612
9465
6651
9274
1277
8746
6372
8424
220
1744
3502
2395
3874
216
2082
8702
9633
6784
3203
305
2305
1912
6140
2987
7734
9641
26
5152
8017
998
1184
2579
5310
2065
5245
3170
2163
7197
6760
2105
3864
3747
6297
8087
5988
4937
6771
3432
4424
2030
7504
4753
4247
1443
1526
6027
6579
3523
1796
8694
438
5446
4171
145
4509
8564
5577
6789
828
2244
6293
2572
3939
2024
8274
9211
8118
938
5106
2882
413
9064
3855
1147
2245
8063
4997
3027
5541
9524
5588
7392
824
4154
5829
7769
3995
9598
6578
3181
3585
9498
7949
59
6149
6645
3081
9442
1610
4401
6276
2094
3969
6916
6723
1877
6808
4289
5956
2587
7138
8573
7367
5953
3731
5591
8605
8555
8210
2654
5366
4899
8316
6840
6455
6446
6326
5727
2109
2788
9747
8746
9654
2233
321
1962
4703
738
8715
6803
712
5872
7268
4285
849
384
356
4658
3851
7224
2985
36
5935
8279
3254
3706
2123
2506
8412
3937
4751
5980
7594
4986
4464
3570
5577
1297
3627
6553
1231
1681
4059
4957
2324
6214
6999
2961
6625
708
1733
2799
5975
472
819
1496
8581
354
2138
8727
2649
103
7786
1381
4142
146
5932
1514
1922
4067
3095
3613
9002
1888
5161
7186
3994
83
7773
516
1947
7936
8729
1560
7478
5788
7186
8974
2902
9322
2790
5515
9761
1554
966
1956
9421
5543
6693
5740
1663
4866
4730
3595
6394
7518
5060
124
537
489
3012
3611
1373
2337
2374
6961
1437
9597
9403
8283
7691
6188
5266
234
5978
2698
6282
7528
5094
3483
910
6563
8133
1159
3601
5382
824
7580
4738
5123
1204
7222
5363
6517
3219
508
7529
108
6828
5448
3727
7482
1003
6238
3632
8061
8897
1492
9152
5160
5829
2826
4521
6045
8160
4365
7148
3798
3179
481
7235
4420
8874
440
8633
6821
3390
30
205
6215
1948
8097
3534
4822
2761
7058
5691
6972
6496
1726
1460
7732
1898
4677
2926
6462
1780
2090
8699
3715
7188
1568
3201
9554
9305
1404
9430
7292
6911
2000
6033
8570
4608
356
5163
3354
8219
105
5347
5768
3478
5090
6461
4213
6078
5521
7558
8896
6872
8961
6797
2593
8297
5516
8107
73
1108
9458
9146
6499
8295
6894
3056
9576
5470
9651
2019
2233
3315
3206
1813
3899
89
8821
2658
6157
7914
7898
6886
3694
1583
3052
450
6788
9262
1195
6548
7218
7240
9633
2847
6342
1178
2885
3758
4855
9484
9533
331
8162
3343
3203
3956
415
3182
61
7018
5868
1059
2412
9005
5470
3904
5599
966
1700
1227
6897
3191
4164
5675
3969
2957
831
1406
2406
4700
234
9383
5054
2951
8088
6228
8759
7810
487
6780
969
5052
5878
2162
8194
6668
9650
423
4463
7342
5256
4722
2373
997
8010
6887
7193
2048
836
6574
2747
6169
1684
8601
4517
1147
2133
4985
6391
3439
5930
3690
406
4366
1074
844
8540
5475
7295
1328
1960
8891
2785
2236
9068
6744
6866
5436
9198
4358
7231
8610
6252
6689
6983
4685
4888
34
8754
4294
1847
4695
8945
3845
8215
948
5820
6845
5175
3358
8491
738
1217
8321
6005
9006
7129
9625
1213
210
6121
2885
9691
8951
2862
8905
9301
1970
2573
7884
9608
508
8644
8433
6132
522
7887
4254
6780
8775
3008
8770
1476
1830
5755
7550
5801
6108
5563
3483
3398
6558
2191
9650
3438
1439
127
8665
6060
7872
7570
615
3437
2269
2252
7699
4614
7364
9409
1083
8194
5562
4282
4151
1593
2714
2634
8906
8950
7551
8158
5713
2122
8854
7420
24
6760
6007
6268
9187
6435
8930
778
816
1499
458
9276
719
2182
8376
1767
800
7130
942
238
5644
1356
6241
1180
2800
817
7655
1423
1845
3518
2437
7151
4937
6925
7246
3026
5695
5577
2974
6853
9696
7230
5663
1861
5906
5764
1028
3010
8737
9255
4842
7950
3670
399
6254
5493
6608
3312
5682
7786
1448
4550
8556
2242
6774
9295
5431
4275
2216
575
788
846
7096
1320
3642
8727
8588
8639
1752
6228
434
1198
5951
8604
8019
8640
9632
5967
3022
6827
6036
5864
1134
8994
4211
7858
5225
7371
2520
5277
6630
1191
1811
9381
2511
4131
316
8225
5191
4268
2090
1526
665
5567
599
3681
1198
6708
2313
4830
9279
7782
6836
51
1852
9390
2998
4210
2830
3159
6914
6063
8686
1140
7543
6766
6601
556
1802
1535
1960
843
3965
1888
6633
1701
7455
2906
2806
3246
574
4903
5952
3211
7890
4912
5414
1836
6871
9612
4324
3490
2750
872
7956
8434
9553
3146
2401
1536
4423
8927
1936
7223
3915
7566
4074
4882
1973
6556
6624
8590
6845
7917
1456
458
6186
355
2047
1067
5834
2049
9133
978
3120
6622
6073
1876
968
5140
7531
6231
8380
3776
5859
3411
5696
2366
2599
1684
6995
2174
2357
2567
7064
2032
7225
6971
1311
836
3742
5140
3952
7803
7001
7134
4460
4862
3597
4329
9183
4824
563
1030
4512
7071
6034
761
7566
1566
358
5520
5034
9517
1375
7019
6864
255
1996
8220
2776
6083
9602
3100
7825
609
5838
419
4417
8752
1758
3751
3072
7832
2462
2007
9721
7277
1471
1980
9425
4069
7225
1546
1988
6593
6331
2297
1037
6183
8976
2035
4361
4084
7338
1805
3932
7032
7666
2050
2970
6276
5418
9176
2457
4226
3632
3502
3927
9301
1508
5074
5147
7848
9031
6126
4843
6800
9621
9611
5428
2228
2424
8106
4249
3054
4719
2926
1939
6400
5062
3479
9034
820
2082
4850
5049
2000
3020
403
1216
3646
4004
8292
1600
9375
5837
2164
7658
6213
1936
648
8651
1496
4118
9570
417
382
4124
7776
1564
3804
5729
4904
3864
2787
5331
1153
6805
3717
4949
9524
8981
4133
2225
3999
9639
1698
1217
4576
3436
2729
7033
8351
5190
7034
2758
9587
4017
3880
5468
4579
2134
3454
7959
794
8761
6525
1620
8821
1778
6751
4733
9454
5515
7066
8260
9119
9248
1664
879
7153
7190
2620
9556
3144
3380
6341
2377
5399
8355
4344
6043
9586
6111
8698
3246
3835
6172
4303
284
7504
3679
8132
8235
7553
5086
3997
9439
6393
3654
8781
5146
4583
8582
8760
588
3961
8668
9723
5502
8886
2154
4684
8107
8718
9251
5712
3483
5418
1932
6713
6685
3486
6821
6259
5616
6575
498
3198
7273
48
5937
857
8767
8884
4839
4363
6179
128
3342
2471
8776
8838
7678
1418
4822
7347
8035
4804
5092
8628
1429
916
553
624
7650
6290
2402
4750
128
4302
6312
938
7183
2545
6907
77
9743
7301
8464
121
156
6763
4956
2445
1567
1481
6469
9404
1268
3617
1599
9360
4022
9749
2031
7545
6460
667
5231
2857
3997
4902
8976
9693
1401
4110
6880
2290
9491
4741
1300
9479
7067
574
9129
7936
7770
3176
5248
9447
513
197
7627
7687
8974
9329
1374
2218
7041
3776
2248
9717
7054
3711
7971
8516
2761
7963
5595
236
3814
7629
8767
3774
3027
7289
3474
1502
4268
1139
8581
7182
6746
7575
3889
4499
6464
893
484
9747
7983
2187
4686
5338
529
8428
4599
3542
1484
8374
447
3556
2196
283
7697
5572
233
8168
7663
8531
1227
6003
2290
1519
791
9014
8793
2547
2384
8789
5456
8110
2238
8607
1120
5319
4501
102
5816
424
4164
5331
8027
3254
7903
2787
1860
1851
5251
3606
7284
8425
5246
5996
1930
7541
6668
7652
5084
7160
1762
7642
6136
2803
9635
831
7311
3187
2778
3081
7377
7333
1116
3489
1613
5609
3884
3756
3985
635
617
8494
1259
780
9615
4035
6260
7199
5295
9218
2104
5930
630
9635
1698
9630
2641
9491
6533
3189
9439
8516
8700
7375
386
1434
903
795
3846
6590
4461
6495
3547
4011
2145
2696
7018
6289
432
7040
8579
3618
7461
4020
279
4223
3538
1623
4542
9690
5764
2677
8636
4195
9300
2156
3223
2434
6401
2121
2466
7030
7832
8765
8997
3420
802
6468
1209
7599
5889
577
1388
2627
6215
2575
1712
9586
2274
317
9447
5629
236
5111
7142
8427
4235
3041
2301
4388
3448
3526
2864
6559
8413
1902
1299
8234
5093
2649
6041
7085
7047
7935
9512
7468
1941
1272
7567
3751
1774
6251
75
5631
9024
5753
4310
3104
8583
9624
5318
4636
431
9357
7281
6323
4563
7475
8968
268
8113
4533
9406
8771
8916
7453
5276
9066
3270
1746
4721
8830
3681
7174
4246
8136
3208
5314
910
3735
5446
1229
9685
6054
1031
1894
91
6631
6603
2213
3835
6968
2314
6762
7959
8849
6044
6891
539
5743
1128
965
295
4414
8178
5787
5346
1715
9169
9391
633
5223
2959
9563
9363
9467
6419
1610
6289
8204
1480
3075
7528
5259
4171
1092
2439
2405
2845
3401
9561
4457
9089
2035
2575
6079
9054
6365
3890
4672
8949
9176
2665
7281
9021
8250
3740
5557
5025
9088
894
1382
8692
4225
2828
7103
6566
4015
6588
2278
8080
872
4861
2718
6169
3323
97
7844
355
440
4381
1698
728
5229
6875
1968
4814
6886
2622
6412
9173
4181
3592
3231
9754
8311
5888
551
9339
8545
6775
9534
3977
9419
5337
5498
6619
5199
6260
4186
3099
9086
3058
5816
9114
3686
7895
8291
2864
1900
3517
6617
6155
4492
3512
6378
6445
816
2902
6903
7964
5861
8556
6255
581
6247
5086
7680
8805
8188
7363
7342
8157
3647
7253
8429
6629
3505
6042
3750
4877
4724
2552
8763
815
3828
562
6292
2004
3397
518
1220
8718
2333
951
3868
8658
776
7090
6442
6406
3513
6403
2605
813
6904
9490
1541
2318
1418
7574
5679
3197
3376
2635
989
4534
1322
6286
8684
386
1610
2027
6456
2415
1796
1099
7874
3213
5681
2270
5664
5961
6575
4813
9062
9343
8498
8092
1697
2760
1215
5949
1976
3887
3212
2375
7729
6474
8442
2924
6451
6389
8653
5505
8378
2621
4339
364
9506
8721
1758
8938
9209
3686
4044
4513
622
4235
766
385
7921
445
8583
3363
2374
6563
7934
1887
8014
3820
1748
1572
400
4463
8316
9199
1015
2175
3014
9087
1763
1296
6438
7277
5900
1132
2020
8929
1010
6473
520
8236
712
8424
3948
8523
204
825
8503
9268
1287
4840
6889
4098
3601
7465
2260
8317
8684
2351
2680
7394
64
8414
3651
8026
1131
4914
4359
4083
3467
7542
5916
255
2608
9105
7459
6208
95
790
6313
4412
1224
7979
7939
5295
9328
5431
568
1299
3546
7097
3133
7508
8436
6230
7798
4231
1816
8984
8048
4704
8450
7539
6038
8907
6773
1028
9468
7462
2597
2802
4217
5988
2138
1308
9639
5240
7194
9275
7969
5914
3525
6173
1022
4043
6767
7025
2131
4592
9052
3317
9117
1708
2260
7126
8847
2574
7740
6262
6358
8195
6466
146
1644
1761
2432
9054
3812
3348
6977
7726
1876
7504
8268
8958
7720
6917
5042
7333
607
2203
6413
6201
4278
7103
1907
548
5761
6660
6105
9448
3166
1321
5423
8676
477
6454
6447
140
8967
9553
1894
5649
8275
680
4828
1121
2604
526
2413
8498
6021
617
770
6193
6195
4088
3461
2497
6689
8942
3846
32
3889
4331
1009
7640
837
7971
2214
593
9487
3809
6835
2005
5263
3002
7056
4257
666
5241
3152
9270
3780
3735
4355
1856
8527
601
3521
6147
3271
5223
8164
6603
648
4893
6586
7594
4620
778
9387
2257
1609
3990
8968
3245
7603
3735
1282
8297
7676
4131
3188
3701
5694
6453
7580
2897
4988
7980
2634
4201
7712
3566
2544
4441
635
2900
1410
4284
1619
3458
645
7422
8304
6507
9466
5417
894
1671
3972
8216
6060
4616
5329
3783
3902
2261
3198
8024
3432
1093
9730
6154
1894
7855
5821
607
1265
8951
8219
7189
6674
2308
3443
806
7675
3652
7150
6854
5071
7412
7858
63
1445
9558
9258
1598
9625
2876
8527
1811
2592
4248
7760
8286
8956
6231
881
8066
9552
4925
4107
6711
550
1432
3555
435
450
8440
6786
7319
6083
7166
4076
1334
1514
2666
8707
4825
1609
7191
25
4210
847
8577
7397
1032
8855
577
1728
4389
4794
2615
9072
9131
9076
5653
8670
3940
6358
8491
5451
7400
4734
2725
6756
2155
3487
2760
6037
4129
621
1672
8165
8339
7083
7164
3388
8395
3646
4584
2154
3735
4129
4745
1446
946
9680
1627
8495
6328
2008
4664
5108
9642
6043
4574
509
6395
7632
7196
9105
2828
4670
7607
3426
4621
404
3667
4549
177
3245
5701
1192
7997
3060
2621
2759
5259
8144
4800
69
2484
5298
6357
5678
7918
6585
7131
8463
3840
4428
7881
7083
2725
7328
1557
221
9260
3671
6185
2046
2202
860
326
1629
5344
4671
1181
3077
3597
5212
3041
3765
2962
1957
3438
6420
9069
790
4764
8486
509
892
6116
8587
3274
6764
3006
1819
5665
8837
4414
8405
9117
7489
2639
8579
4627
3837
9511
8189
9303
472
4005
7833
9350
9217
8155
6883
4878
6336
2601
9689
5521
1581
3924
8433
3988
4016
822
2368
3853
3740
9591
4862
7585
2406
1068
8420
8800
4147
4477
7934
4599
5913
5493
286
4967
8331
2905
1828
26
2580
4845
4561
44
385
1906
4420
3232
9520
8969
5842
9199
2635
102
9046
1587
1274
1253
6297
6258
5538
1039
2823
416
5057
4869
9574
3625
3958
1673
1584
8369
792
1491
3010
4162
3577
6587
1186
7824
4543
6882
5885
4087
5448
4362
1845
2741
133
5123
3604
9015
2929
3295
5650
5734
6423
710
8891
9472
2001
1648
5179
2239
746
3228
1927
3455
2826
1019
6615
509
7017
4836
9674
8460
217
1764
31
5449
2882
1362
286
5154
8690
9751
7804
7784
7318
6351
6341
7727
5454
3338
8822
5115
2999
2957
1270
6584
6638
9613
6952
9298
6366
2154
2927
3170
6912
5678
4750
6905
5211
4490
3097
1712
5384
5918
7113
8757
4920
3034
8054
7489
7245
6860
5190
3220
3839
4116
1052
1649
1748
4881
1244
4508
8843
4115
8550
4700
3279
2100
4123
7433
2961
8084
3698
1529
3276
224
3230
3581
6692
2709
392
8699
5318
8255
9714
6263
7303
3903
6017
9636
422
2897
3976
585
7528
2401
1597
1046
341
3620
7888
963
7157
8358
1817
7350
1055
6597
8406
4116
539
3236
7996
1097
4181
2294
3182
5012
3778
5880
9220
8614
5808
8916
6133
4142
8518
4748
1338
1154
6319
300
8766
3593
6008
3569
8727
7787
7897
7250
2651
9543
2536
5884
3797
3105
4779
2771
2190
4284
669
4537
510
5070
8239
4356
9585
1549
9134
1739
1978
5149
7539
4125
8874
902
3505
1116
5956
7718
8898
8450
9310
7705
7130
729
9463
9604
3140
3062
3313
7054
631
7387
9280
5661
7403
7942
9490
5186
8122
5734
4511
1090
9445
9583
9368
9400
6798
8915
995
649
9715
7473
4914
275
2526
6311
7561
9752
8363
6127
1515
3692
2909
2549
8414
3572
333
1224
9243
5688
9362
4187
5371
7446
2125
2400
1340
5096
1744
9652
9730
1810
7730
9593
6786
6552
6028
7596
9565
8037
6513
4251
2287
7392
4203
6300
1195
8498
3682
524
2566
6556
2130
978
5464
9437
294
5118
5905
2591
1973
6102
7284
6480
3736
4020
3986
5637
6004
4587
446
845
3037
5865
8218
4566
5505
3765
6770
5475
6211
2888
8782
7775
9544
3455
5170
6801
9157
3222
3216
6277
2641
6675
8341
6496
1135
6072
9307
3021
1000
5577
6361
6519
5062
1522
8130
9631
2957
6275
6625
373
5334
9198
8226
8810
6584
7699
759
277
4545
7609
1436
5080
1241
1896
879
7319
6251
1716
3327
7534
518
5218
9102
8003
8236
1309
1724
1455
7965
3518
9307
2406
9010
3170
3978
6782
1385
2990
1093
5152
853
301
2762
3051
427
1701
1781
2210
1390
8075
5171
773
9044
2351
3024
4311
8753
352
8063
5895
5569
1224
116
8551
6185
5867
5571
4825
1443
8083
1636
2632
3695
9381
5940
6088
2156
490
1420
5617
6709
7755
9197
4601
807
1678
7370
8189
196
2389
2572
9563
5622
7192
959
2626
2152
6808
5461
4706
8358
7472
5542
4265
9099
5079
8688
7779
7137
6666
9493
5900
8430
1892
6598
6902
4364
2346
6254
3001
9257
8682
8553
1676
7406
1715
7538
2686
3292
4456
4126
745
3506
5622
284
7568
4938
1042
6001
4040
1754
4635
6414
1737
169
4648
2713
1580
6517
706
5938
5993
1310
7244
6932
386
9091
2792
1411
8753
4167
8236
8331
7655
963
1451
4116
7944
525
4195
4973
2134
1545
5360
8044
7229
3587
4628
4367
7136
652
6444
8993
9630
5724
9701
3580
3819
5349
4577
500
706
2045
6913
2738
470
7124
8255
5764
1666
5051
4093
5739
1921
4103
3170
7337
9590
6953
2884
5721
3687
4860
5343
9738
3830
1804
131
8637
6507
1832
6048
7590
2576
858
5904
1118
1806
2052
4449
9524
4741
4464
3560
6341
9351
8294
4538
764
370
3513
7685
4835
6677
1941
7614
5164
1939
7546
1305
4184
9579
4780
5566
4981
3329
5547
3663
1377
2010
7490
858
7088
1058
6499
7012
7516
4800
1182
5672
1876
5769
4749
7867
350
2322
7482
5841
5260
8445
2633
3697
6602
2745
5865
5527
6192
3078
8761
2976
1127
4352
3137
4874
3611
3739
7501
5304
4901
2390
450
6043
7362
5681
9515
8124
1125
2578
6032
4778
9060
2365
8751
2356
5581
416
7279
3903
4182
3830
3157
9570
3568
8443
7891
9668
2837
8781
32
5406
5776
7997
6425
1336
1468
8667
9340
2706
2366
9413
5489
8090
9317
6973
3804
5543
4448
9409
6268
3017
4587
4494
7025
9632
8723
9210
618
8918
7622
3822
3649
477
8720
7615
1364
5694
5461
1065
2845
2177
2616
669
2370
1005
4127
9700
6021
5149
1355
9701
4853
1915
1562
6408
5050
3017
4862
5431
5034
1424
7420
8583
7224
989
6430
1519
457
2885
6184
5467
8896
7764
6631
4935
2660
8508
2990
9598
7260
4544
5634
7457
4630
1127
9657
3662
9416
4470
3742
6349
6276
6812
857
1748
5864
4098
957
6569
1191
6587
6826
8320
1946
5581
8396
3042
5824
3654
7002
7007
1781
3899
1242
7641
8486
3382
1082
396
3519
6790
7896
5827
2748
3500
6884
5176
7700
158
5957
2565
2010
187
3772
3444
7650
3674
6031
852
2270
1457
9618
1275
6123
6618
8083
3240
1629
5606
3135
4313
1289
1892
3088
1730
5180
8697
4258
3043
2642
7994
4553
9145
9549
2044
9309
3381
2725
861
7383
7947
4402
4158
8736
9381
2920
7201
3572
2608
4006
9322
6680
8363
1981
4759
5328
4824
4645
1470
6199
1105
2463
151
8020
3721
4209
2916
442
593
2938
3562
5935
2704
7148
4968
8639
186
705
2688
4931
1287
5976
8205
7259
8882
6352
5135
260
7925
7596
8882
4373
4864
6895
3548
9036
3728
8877
4244
5769
6846
9088
6332
3983
1768
7789
2609
1333
525
3044
8907
5097
4307
2546
6139
3601
8394
7113
5154
253
4451
1984
8068
2198
104
9278
5187
345
6687
1597
8843
6298
8066
3600
4887
3486
7887
3755
6039
3488
4750
2760
5997
9317
3902
370
6833
6096
4762
304
8592
6478
4732
1291
339
879
4764
4407
6774
8817
6135
3725
625
5777
3375
2687
503
8580
9495
2729
1001
6886
3859
1232
3966
6035
6904
720
7687
98
2785
8317
7097
6547
7290
1995
5782
1976
5979
3092
2324
4276
8177
2501
2245
966
749
5575
8710
220
632
4008
4269
6823
8529
5896
7231
4704
3959
7542
1395
3045
8033
1613
9512
4128
2062
250
7260
9757
7669
168
3597
5796
9609
2050
2988
4728
1311
8080
2765
7119
2351
9711
1041
8560
3462
1326
7167
5992
9096
3930
8734
4202
7766
1419
678
3231
880
5808
6476
1973
5141
4708
6023
7300
544
3735
4575
2887
8960
280
7279
722
8619
405
3461
9658
1300
3117
6312
40
6535
3626
4673
1992
3378
4980
3849
2966
3776
2975
5017
7194
4502
7516
7581
2636
9079
8891
2137
5149
3394
634
9119
5848
7575
2444
1357
7837
1447
5239
6250
985
7419
8462
3800
7855
2583
8609
6007
2810
8197
8760
1157
7514
8333
828
753
3779
3606
5474
9108
4673
2813
4462
6120
7482
541
9075
458
5372
8528
1785
3701
2723
5572
4261
9298
3240
1287
6667
4519
6167
7291
461
8941
8297
3382
7481
1860
8464
2703
1624
8844
6205
821
7947
8075
9164
7976
4172
1585
3639
4690
5519
673
825
8518
2779
8383
1230
346
2329
8012
3150
1460
2476
8819
7106
5120
4664
7035
1845
8707
6269
3280
1252
4363
4962
772
4100
570
2894
7913
9212
8700
6006
6734
3867
3627
942
4336
7094
899
1913
5692
3602
2863
646
7766
4747
3851
9507
5975
3243
6344
644
3172
2584
808
3415
9613
2530
8234
3036
9297
4811
8430
837
3290
8490
3205
2292
6069
3294
4962
5689
7032
3374
8788
7634
9027
3209
994
9437
2796
6923
3102
5032
2355
3556
1832
8545
8338
3959
1814
356
1447
1528
2202
9245
7063
7860
2185
7568
5044
9322
2834
2920
1502
5493
7609
6465
6200
2439
3066
5614
1104
2179
4289
2868
3770
6776
3261
5810
621
202
5652
8952
1967
2808
9423
9622
5351
1113
267
2253
6468
1837
2179
7409
2075
4636
8730
768
8724
5988
2933
2145
2996
4214
7997
320
2011
5107
1763
3469
8873
9210
9576
2216
3438
3993
2757
6608
8540
6613
3244
6053
7534
8166
7353
1824
2590
2767
4985
6459
7310
8861
9733
1699
9050
507
9095
9718
4499
5793
1715
6537
4510
8395
7145
901
4387
2426
275
8779
7495
1738
8568
1784
6840
5517
8549
2419
8254
2982
4753
2319
775
5514
5603
3354
8550
4595
129
2089
8177
8463
6049
8078
5098
4118
8403
185
2795
3557
7097
4371
7597
4749
7740
6999
8119
4894
3736
3812
1626
5188
728
2255
5651
6089
1807
4017
5586
9332
9427
5391
5570
9013
5349
8929
6869
106
6002
3474
6092
6556
534
913
3187
4228
7081
8993
7803
7301
5551
687
2843
181
5385
8139
7607
7015
6732
6945
5940
5963
1324
9279
7536
8563
7631
1411
2988
6692
4094
759
1861
8202
8209
1010
6529
8339
1848
9667
7948
9708
6292
2360
2641
3279
7812
982
681
202
1639
3910
6354
2394
6399
3870
2519
5498
3444
4297
551
5980
9697
3569
3119
518
6146
3041
7510
3520
6355
7654
4090
7703
3028
4506
4815
1674
4116
6350
8195
6558
4001
6819
7545
8225
8876
3083
4817
6665
6348
5956
700
1403
2871
9115
2102
8986
6621
367
3607
3829
3321
7596
9136
1521
1231
9460
2950
7908
4034
9522
5043
1814
8942
1920
8400
8840
5119
801
7549
3640
8119
4776
3352
5246
4409
9643
4415
6116
9669
8396
8517
6206
8612
4013
4112
6717
2016
3281
1672
9526
1097
9686
8550
8927
368
2438
9436
4529
4726
3111
7229
4632
3092
342
1563
7574
8368
7715
4326
2219
5183
8761
7137
8562
3702
2352
3800
4305
7869
4241
1766
4339
9416
499
5548
1013
4792
7371
9213
6769
6852
6400
2243
2349
5907
7647
285
7476
5133
3969
301
8863
6811
7499
3766
8714
4669
608
3680
2899
1102
4258
8873
2113
8450
5358
3820
8542
2541
1173
7111
5052
2318
7874
5643
3951
7791
5637
4531
1606
3185
1548
9238
3228
7121
3703
8650
496
3791
8366
4622
4245
4985
3038
6844
1527
6529
7986
7199
3703
5115
8498
1765
8578
8325
3154
7539
7146
7688
2907
5783
1829
8881
2480
1544
257
5493
3067
7567
1170
8387
8460
4827
3597
9550
9257
89
8508
4078
4679
7371
7604
6895
1516
3865
1966
6507
7234
413
4053
3330
8157
8583
8591
4680
8849
2106
6557
2954
4494
5411
8807
2617
8872
2223
7207
7450
5044
5066
1542
2603
6306
2351
2347
2765
6864
9197
1372
4743
5648
7619
8772
4000
7893
6885
3164
8871
4815
2484
8476
9009
8875
6983
8906
3432
9330
5806
226
8140
3574
5101
1105
8325
3773
749
7480
4314
7627
5098
7910
3346
8400
101
811
2066
6966
6759
8492
9029
6963
7050
3634
6158
4155
8737
7744
8542
6214
2423
1006
5401
5832
7660
634
3742
5125
693
3619
5414
3935
4293
2539
7463
7264
1158
1497
946
3369
7789
9648
5837
8091
4083
5491
6556
2992
4975
1001
1949
5769
5247
1420
7127
9606
4811
393
8760
669
6755
3787
1140
7713
6192
499
5941
5333
1720
7757
1733
2294
5848
9340
5521
5282
8431
9637
3263
9694
7255
8844
7577
4239
8188
8716
4508
6400
9310
2784
1754
2110
9520
6596
8564
3288
9706
5761
8538
699
3751
5070
5770
4573
8710
3993
5237
8091
58
2294
1420
4580
8693
6069
4845
6171
6630
905
1339
889
3948
637
2069
4933
2203
4202
899
4801
6165
2015
6578
4188
6919
4398
5366
3108
3359
9720
3696
4097
6186
1066
3285
6611
9008
4124
9607
7315
5809
1548
8483
6286
2379
3354
6275
7170
3720
8079
7682
3167
9437
5842
5018
434
6449
2192
2988
3742
1382
6829
1083
1225
1827
5546
4286
3152
1380
1714
4935
4746
1881
3601
5368
3531
3360
5087
7680
1379
1509
5712
2544
8363
1961
3298
2646
301
5974
8567
6322
725
7741
145
6825
4926
9540
5502
6401
4743
6349
9329
6909
3628
4096
1715
4261
4603
7563
3311
9123
1135
793
8068
2460
8149
7531
7787
1846
6985
7844
9071
5688
6858
6898
2465
5011
8890
4778
686
7040
5877
7241
1053
4924
7387
589
8076
1553
3934
3648
6009
6551
4563
6212
8055
8771
5518
7941
4468
2625
1927
4791
7797
8064
6774
9516
3728
1932
2358
8871
6296
2885
2029
6459
1557
579
9184
6851
3549
6133
8073
2094
1406
9161
9701
1123
9272
4860
8736
5945
8414
2621
8058
5969
1778
3164
2348
1721
8710
5572
9621
8694
8632
2638
9449
1447
8015
5212
8580
387
7965
8777
9123
4115
1329
4707
4648
5422
6112
4730
7389
7514
8657
2379
2089
697
8700
527
3419
2438
396
423
2649
1469
7447
3823
1098
3257
6839
3468
7069
5798
6696
7097
1350
723
4630
8238
7755
2814
6535
2014
6356
3505
6573
6895
9488
8627
9330
3218
8696
3176
7012
5221
5957
3407
2830
4181
6677
728
6676
3566
4589
5515
4612
3592
4051
8917
213
7824
5114
4320
1820
3951
3308
1747
502
3653
4405
3059
206
8031
8516
4426
8235
8776
7494
4251
3712
7369
1092
2680
5588
523
5649
157
7564
4159
4466
2708
7405
7616
7954
2266
6038
2123
9134
7804
2141
439
9736
6950
4964
8882
3713
6897
2345
3709
1461
1064
2330
1862
7973
6065
3945
6291
8763
7281
9007
7891
7434
4198
5163
9580
7939
4670
3450
585
3545
9541
4551
2835
9574
8796
9560
908
2311
3767
8355
5123
800
3554
773
7144
1784
1826
3125
7277
7405
548
8650
3108
3521
6455
7836
2311
5697
1247
6768
4995
5072
934
9357
7848
9461
9007
1607
1150
874
3945
2350
3742
2393
6975
5676
5309
2078
6309
7669
3992
9685
7330
1225
869
3633
6885
9107
8768
1408
3949
2512
7276
4321
6711
98
161
8541
1946
5783
958
6782
4659
2821
5535
3977
2547
9005
5911
7615
9384
5853
2584
4668
267
5426
8089
4117
6210
6837
3427
3463
1346
6006
6064
3376
3766
6273
2033
1929
5147
5677
9477
5146
6926
6905
3281
5449
8866
9260
7365
2791
8472
8262
3631
1285
4301
8142
4979
2508
2774
4660
392
1693
640
7848
6138
7132
1207
5573
9056
3208
6419
9202
5473
5159
5893
5259
6563
8997
8018
4496
1383
6413
2211
9055
190
8428
5060
4683
7021
8538
4326
4700
8243
3851
9720
8007
5872
4806
513
2579
3994
4057
9304
6465
4108
4765
5251
2467
7988
3178
6367
8718
5771
8599
7088
2464
1085
2670
4669
1570
5324
5250
5991
4177
1471
9251
2949
6576
9210
8288
4253
245
2716
6937
9598
8573
9235
7977
2064
2174
7388
7302
4544
4364
2642
3764
6607
1038
5750
6584
8316
6543
648
8619
9511
3839
3122
9705
1637
1087
9446
7798
9604
771
4586
8471
4641
4952
3582
4155
9040
5151
2530
233
6014
3473
6985
5036
8674
5145
1251
3023
2604
1020
4681
9248
6038
2515
6369
4288
4040
3596
2393
7726
2462
4841
604
1972
7102
4142
629
9378
1338
2018
9684
2668
3513
2911
1813
2418
7374
7127
7037
578
3922
8301
8176
1878
9149
8919
9174
4500
9759
1358
9742
7437
5276
948
4621
1576
2852
9702
7764
1001
2919
3280
9363
6322
800
1514
9555
6984
5975
3463
7778
9145
688
8777
7808
8358
9738
4477
7371
3177
8672
1684
4254
2494
3842
7075
1986
3239
6305
3278
1744
9696
6072
2540
806
659
8154
3451
9397
9412
997
5414
5385
8919
6217
5723
5757
5857
532
6790
8929
5851
2917
4231
4101
6020
641
8078
6596
1013
6470
3135
1856
24
2294
9127
3917
333
8460
5623
2923
1764
77
5533
2657
3382
5437
5982
339
1867
1777
993
5355
7250
4909
1446
3640
7172
5644
2541
649
9644
7522
6610
5533
6267
4765
519
8467
8678
1202
6084
1342
4370
1345
814
4907
7897
7780
2468
4483
7004
5527
1076
5204
5358
9413
1192
5619
2075
5321
3718
1110
4442
8326
1445
7787
7408
8457
5433
6316
7111
6535
3549
5798
9665
2751
2504
5150
1290
1263
1232
8049
6520
6467
956
6346
1213
7011
9552
8162
8851
8174
8119
4941
2282
4349
3778
8143
1254
911
1712
7194
3836
8866
552
2047
4447
7392
8687
8990
401
3937
4477
179
3941
6845
8450
5064
7373
5077
8012
3903
4089
9092
9595
6725
3826
3512
9489
549
960
6325
1862
6348
3147
5911
243
1512
3357
1265
8251
2951
4538
194
514
8439
8284
5551
9074
8342
4347
1642
57
5280
7796
7636
6735
4491
8122
5105
5024
3141
5612
2223
1396
524
288
3586
1357
8852
650
8598
7127
8073
8501
8204
3884
8482
9689
2496
6873
7316
7178
5235
2715
6086
1327
3149
3529
1195
674
9307
1450
8452
4821
1344
4925
8225
5607
3992
8852
5391
2928
2201
4434
5079
820
5198
5931
3550
268
3970
3836
3875
2573
6275
7535
9367
6504
7015
7868
8218
3476
1237
8507
7813
8802
6566
7350
2114
5885
2472
8109
6069
2576
4753
8957
308
377
6843
3883
8147
2009
4946
3896
6595
6704
8711
9591
4954
6400
8485
1049
8550
9763
9470
7641
4963
2047
9755
3040
8073
2948
6413
8005
6186
122
980
2036
60
2692
137
5075
73
5956
4097
7679
5865
3263
7171
4506
1921
8044
5257
789
8822
3099
6021
111
8120
9444
4659
5903
5037
9132
1539
5171
8600
2729
1004
4330
1387
6368
3317
1313
8227
3709
2246
3559
4137
349
8328
936
6928
3123
7916
4254
929
3912
6988
7214
606
8291
5038
620
8856
5157
4197
5361
7769
188
5682
166
188
4911
8396
1984
2296
4098
9516
3565
5964
3492
7804
2932
619
2967
9034
6052
4234
7075
55
9682
2152
2812
7536
8720
9653
2172
9290
8575
5077
6791
4992
9368
7786
4997
1096
3103
3496
6733
7893
2662
5008
1211
8339
7478
5310
584
1818
7196
5130
8472
5533
9622
5843
6002
7807
3425
3485
270
754
1005
8048
6229
326
1110
6558
6952
6055
9306
472
6525
4054
5426
7482
8526
9459
1200
5752
4399
9006
2811
5654
8934
2488
4100
9101
2278
6810
1645
506
2544
2030
4755
1052
2983
2925
706
6715
2170
9232
3202
2893
3627
3810
1791
3398
5320
600
6624
2713
4086
953
3512
1266
7776
2847
7460
4945
817
5903
3730
8604
5839
178
6753
1556
4449
2557
2989
612
2345
1955
7570
5070
3259
5040
2252
582
8836
3144
7398
9424
8837
3367
3258
2476
5811
7347
6885
9012
5059
1935
9599
1072
448
41
6996
6358
6978
2568
9391
2781
875
8045
2999
4445
9038
9330
9434
9091
5484
9442
856
1164
5571
8210
3354
6109
1865
7160
8546
6862
4175
2885
9328
794
5319
2409
8004
2864
2815
6305
6272
7318
2506
9726
7807
3332
5492
3933
4950
1220
1854
1396
5300
4874
6525
4622
8999
9714
1863
913
1022
1210
831
1012
1661
1573
2710
4499
8910
892
9431
5930
9064
4997
4123
6168
7322
5077
7476
1330
7204
167
6368
6939
7162
9411
853
6625
639
9178
9478
9133
2863
8310
9401
6703
5845
4126
3655
6783
2994
3896
6987
1352
9263
1633
4397
250
1545
6419
5029
7928
2296
1829
5153
131
2578
5951
3653
5082
9589
8064
7454
3625
1593
4907
2473
6371
7441
8417
8297
4732
6631
588
4643
6954
3425
8397
6616
2590
5682
552
8100
8325
3710
7770
6778
2719
4180
863
2078
4929
8537
7259
5933
2950
737
875
9705
3534
8805
1705
6195
3711
6947
2892
7152
2371
5462
6529
6066
1349
9701
8544
8013
5922
5222
8135
9277
9609
84
3884
5309
7090
5763
1564
3699
6801
7759
9006
2641
5567
6953
7787
9185
8889
2857
409
4929
5872
3709
6733
3464
1143
7582
8279
9467
4882
3162
2710
6856
3228
554
3431
7931
1365
2344
9322
4095
4989
9040
4015
1245
9056
5802
5289
1699
7906
1862
5992
3311
7664
5451
7924
3491
6278
9270
5599
1139
9436
6295
2067
710
8879
8737
7522
3448
8596
5658
5964
1903
3742
6197
4028
8381
4406
5810
6999
1965
2668
5172
2314
8133
1577
8951
7410
2715
7722
5158
2627
4120
6757
679
3113
976
9272
1407
7767
5603
7316
2103
9088
4997
1249
6022
5547
7644
5435
7498
5490
3039
9744
6043
4568
7917
4448
9391
6805
2530
8423
1345
4766
3753
3837
9576
2528
819
2405
2970
127
3949
7033
2569
9224
5661
51
6117
8573
9626
849
7575
3171
7605
8439
8807
2002
7457
1005
677
6070
827
5769
7250
1824
4544
4006
5275
3100
1381
6039
7532
602
6270
8516
9030
544
1441
5733
2289
5186
6408
5049
8556
7228
8183
908
5736
6073
4249
1186
4487
813
6220
4433
2386
838
2166
715
3879
1525
8822
889
6163
5336
8853
8783
5598
4380
5916
3721
1683
7800
1918
6911
6005
798
5846
5481
6757
6761
8894
8012
1790
3036
5151
1022
1668
9750
418
6838
7119
1359
7963
9683
2479
5149
3916
9640
7983
4482
3585
7923
6069
5013
8014
1114
2921
9110
4184
1540
4347
8797
2824
7511
4718
6592
8148
5801
3043
3828
8544
6785
7275
510
6808
6187
9649
4899
8490
37
5699
998
520
5909
5725
5420
5581
6739
2381
1804
400
8879
8418
7205
4641
1515
5230
6848
8466
1019
2340
487
1386
1453
9384
2785
975
8769
5757
1852
6275
5620
1425
7676
8795
4205
520
7916
2275
5022
3332
2923
6397
230
1057
4968
518
4177
8247
3311
7538
7916
9016
4730
6582
6352
4753
3494
9371
4765
4806
4866
3784
8758
1886
4998
4649
6078
9654
452
889
9466
7154
7256
7304
2083
1962
3044
6842
4601
7802
5063
2685
2195
2991
4008
6593
5909
5204
1254
7952
3602
7504
2178
4698
4403
2683
3342
7863
5638
1347
9093
8552
2955
8877
5015
8700
5372
536
9519
2305
8987
4548
5051
527
2492
6206
2478
8706
4137
6610
9413
9364
1283
7802
3993
3319
168
7494
1607
2080
2402
3723
7837
6910
5609
1928
3753
6171
7243
8276
6675
198
5959
9041
3217
4860
2025
6436
6814
2272
1236
129
1382
3004
2013
1278
9135
9122
1540
5554
7988
5970
1242
3226
6649
7601
9535
2658
6970
2750
8287
7833
5706
648
7764
1559
9760
8676
4605
7518
151
996
1206
7968
9409
397
4986
8456
9110
4477
5826
223
834
2881
3487
3226
2127
9239
4724
1412
7697
6694
2749
8207
4293
7231
7581
2081
9572
7791
7687
3076
3351
1466
8229
5717
2870
6259
7587
3332
6123
408
9281
4862
5962
938
4515
700
2662
7596
763
9741
2818
5990
810
3348
2670
2686
5721
8894
7884
2028
709
8718
8847
3185
6661
5992
1851
9216
9228
9692
338
7151
8811
7500
3074
1959
940
5080
5470
4248
9668
8940
3020
7116
5444
5214
5319
7734
821
2164
6060
8978
7339
8741
7414
4585
2011
1036
2011
3215
3749
9549
2418
3414
9756
1244
659
336
8490
2074
5127
7133
2060
6544
6047
6617
3783
8772
3750
5703
4483
7128
5617
8696
6934
1184
2260
5325
2600
273
253
9248
7673
464
2037
1177
8433
467
9438
6787
6391
2163
6513
3954
7540
1886
4473
8293
5268
2896
3912
7704
7772
3525
9171
3926
1077
2124
2766
7516
9205
2004
4741
6371
2495
4896
4513
6347
7253
4984
2379
4825
3014
3009
3036
3502
9333
3303
503
1776
2685
3917
7303
5781
4347
6840
5890
6655
9345
6860
6308
7276
774
2153
8397
3401
4832
6423
7267
2771
3500
5206
8059
2952
210
7294
6097
3693
2056
5209
697
1199
5445
1841
4206
3628
3409
993
7722
4311
6017
1484
6984
6542
4068
3982
4553
4751
2514
3904
4867
5349
9369
2620
6031
2967
5695
2059
5787
671
2553
1584
761
7221
3436
3124
8472
3386
39
24
4468
636
5923
128
6139
6301
462
7354
6127
6698
2027
9747
6609
4491
4073
3905
7409
2978
4298
1070
7830
5952
8532
2309
7936
110
4252
117
2641
154
8014
4346
1608
3438
5566
6367
235
6223
5037
4611
1581
5248
8612
8294
413
9267
3982
3595
2545
8159
8855
3884
6427
2712
1138
8564
1063
6873
5373
1341
1704
1250
7658
9352
2381
8183
8500
6104
3851
7006
1467
7113
6543
8441
1112
7161
2122
7275
3730
329
8865
2551
7268
6752
3051
5670
1315
854
683
1788
6106
5010
1468
5615
6896
8290
8839
6370
7981
6521
5832
1243
290
9267
3616
4301
379
9195
889
5801
2322
6593
229
6931
8457
7398
2751
9504
2770
9054
2655
678
3935
6682
1061
4904
4427
5955
8867
6295
9023
3349
6015
865
4873
4288
4408
602
9734
9205
5798
7642
5842
3019
1272
7646
4869
9719
9464
5136
1526
3698
9020
9272
6870
2878
788
9263
9743
9076
4857
4350
6830
2183
5521
9541
223
7215
7882
9185
8971
8910
2349
1636
7164
4931
7053
6280
291
112
2513
8484
9511
7235
7146
8437
6889
932
9406
7236
5876
4246
337
1838
4462
5577
6093
9214
6581
9058
4143
2357
5161
272
6499
4909
5782
7181
7434
1792
638
5530
9467
5499
5426
7815
8193
4429
3410
831
7519
2105
8566
2335
2142
8821
6272
7899
2453
1044
9491
5413
4982
9470
7571
258
3264
5389
8895
3608
5572
8872
6991
487
4653
2911
5264
255
7046
9173
7868
714
4345
2175
8157
8765
4789
2760
6224
1023
1484
5727
8847
4441
991
3572
6615
281
6210
2528
208
8049
147
7889
4674
3910
8773
6281
430
3135
3194
1894
6364
7301
9114
3183
1813
9118
6203
8430
7425
973
3390
5180
2472
5037
5157
3749
1587
4609
3471
4468
5798
7527
829
9149
7903
2937
8509
3425
6943
6900
1345
6913
7624
1754
4423
4790
7187
6471
66
1284
2589
8546
5908
8646
5100
7449
1156
4140
2763
104
5641
1558
7219
8516
7072
6362
7854
6905
3402
4475
2978
4954
3582
4955
5992
5393
9755
1245
5879
3417
4752
2813
2903
136
6739
8093
2455
8306
1770
9650
6006
1273
530
6802
3288
292
7249
5646
3732
74
2233
1621
5976
6106
9724
464
3019
4267
1095
2262
5201
6737
6119
4356
1073
5087
4043
2728
5489
7445
8068
5335
4398
3992
8333
3041
603
2658
7335
4513
1474
9242
1930
494
3836
2938
1569
3463
3860
8078
525
173
4446
8078
489
3087
9328
6321
3666
9517
5738
421
1258
727
5947
9730
2602
8604
5685
2706
6567
4733
998
1811
5080
9047
1683
9037
8354
1715
2552
3919
5138
1091
554
1875
781
7668
1196
4636
2121
2022
8805
4580
2157
3307
2399
174
514
3645
8560
1469
762
1676
288
121
4959
6704
2429
1309
4429
605
1348
8256
2343
919
352
4253
1762
8268
1746
3469
4585
5836
687
167
9000
1292
2646
5152
7165
3347
5259
9177
8416
2240
5329
7996
9348
4688
3136
4078
4637
7042
1626
2069
2395
6998
3989
9259
9644
3004
2652
4690
3270
7889
9436
2170
8916
6966
3803
5741
1116
6880
3939
9064
6833
4390
6168
9610
7675
7162
6043
9201
3331
9621
4080
4169
7897
7125
7753
2933
1439
1848
8712
4617
5116
3166
9380
832
3486
8565
7768
5640
3824
2129
6975
7852
8715
3094
3455
2169
9629
6563
383
526
9672
3069
3208
9185
5952
5320
5928
3722
7968
2445
9684
151
803
881
2001
4008
2805
6622
6793
4587
5009
1684
3606
7043
7318
7180
2207
1746
7176
309
1450
8946
585
2184
6076
7096
5835
2459
207
5770
4834
963
6236
2025
3849
3567
8685
1121
8226
716
1664
4361
9433
7793
4851
5472
4674
114
7880
732
93
3538
1295
1892
8703
4615
5174
3672
2430
3282
1087
6426
6688
6567
6019
3992
8113
7604
1529
8898
4945
6553
7326
579
1491
5449
6944
7448
7616
5443
4065
1287
6832
5614
8702
6923
6781
6547
2556
9591
8295
354
6761
6609
2706
941
9728
4563
2946
1647
3943
5000
4593
7679
8130
2370
5111
6821
8865
3964
5965
3767
1046
2898
2402
445
9290
8233
3522
1006
1072
9344
7632
8938
583
6665
62
1177
6986
8779
9390
2781
8692
8576
2283
7413
6373
1511
2644
777
4213
4617
25
773
1107
1470
447
1721
8322
4765
8967
6879
6318
440
1920
5531
1886
8765
8033
4986
898
7398
3584
8422
9550
4893
845
6826
6550
207
7422
916
7469
3686
3169
321
917
2411
1800
2536
6189
5900
2496
8153
2064
99
3321
5280
5335
9743
7050
5726
3062
69
4562
7966
1360
622
8132
2039
2544
2164
3933
4609
594
5275
1349
5994
5287
5870
8021
2163
635
2765
3178
6814
5136
8949
2361
434
7859
1416
8286
3198
8236
4356
1099
433
986
3416
6917
771
7023
4482
712
7228
9159
5171
1378
7243
3081
5829
5830
3796
9404
5263
8162
156
8351
527
2981
3217
8075
2802
8680
1400
7625
6619
7926
8197
5333
5697
400
4455
891
5161
8684
4894
4073
7669
5120
5543
2172
3405
1179
1560
108
1919
7758
8183
3932
1668
1846
8694
763
7419
8960
5220
7341
4625
7155
5077
7169
8186
8650
6195
7021
2471
776
4739
4955
6882
7575
7834
3123
501
5415
8192
1302
3919
8659
9709
9543
7495
8782
8576
5573
5511
1881
1185
1379
9169
465
6618
8034
8542
3247
1993
192
5625
2856
1659
2276
7727
1235
290
1905
3122
2345
5480
3089
3262
2122
7168
5655
7985
8517
6059
8456
4409
1951
433
7395
1618
7413
3417
7283
9427
1016
1283
8092
5383
4172
1552
5355
3534
4306
5520
802
7241
9035
2758
2871
4239
5343
1548
1177
832
3565
7230
4316
3396
7317
1951
5208
8193
3430
5182
5747
7426
3005
2643
8197
249
6186
6468
697
7670
8371
9742
9569
8328
3253
7233
9215
2074
2163
595
2481
5012
3043
3034
6548
9479
5374
4027
9576
9413
9418
9429
7023
3407
4821
389
1339
6242
4068
3915
4349
8417
6079
6114
8176
919
5913
1729
2718
1808
7008
5259
6895
6942
6046
4990
2714
1157
1221
9276
4765
2478
4843
8443
625
1641
7331
2985
8745
2130
6280
2342
7153
4948
624
1016
3283
3771
1951
3222
2114
7701
4692
252
3458
5890
7607
4946
3747
9603
3612
950
237
1441
839
7345
6581
4825
6867
6178
9412
4531
8934
9140
5163
4572
5707
7511
4882
5982
3175
5334
6539
411
7603
2152
5513
5918
1357
6341
8065
2952
7087
3881
7005
3421
7486
7518
1943
3459
7500
595
1869
2586
8946
7016
2113
7518
9214
9575
8233
3753
601
2265
3696
6050
5140
9494
3526
1880
8991
4738
3365
7895
2648
1501
4024
8240
4262
2802
1588
2280
7351
652
9753
6295
3857
4268
9533
6189
5228
354
37
2841
1648
6558
4306
383
4334
6938
2238
5873
5952
6687
4303
6740
8573
4316
2645
5502
8248
2256
1824
6299
3607
8058
9597
4677
3795
3853
7037
3682
5953
5569
7819
4257
5775
1328
3761
3764
3561
4728
6330
4748
5704
7053
1050
4144
64
5739
3245
7972
3112
550
3078
7920
3889
8808
3470
8918
3756
3117
3199
3343
9655
2993
9157
9399
8707
1342
4490
5583
5712
5225
7872
2124
7400
3605
4987
509
3720
5123
1115
689
7039
2307
9671
2729
4906
8795
2647
3221
278
8070
4073
2340
8812
9656
6299
8996
8130
5634
8002
9082
5716
5219
2329
7308
7225
7047
2846
5044
791
1365
2886
5788
5746
2239
4922
9284
6136
5175
9697
7930
8524
3860
9234
6729
3594
4860
2567
243
9715
3350
5856
497
7849
3894
2658
1109
925
628
7322
3116
3930
7741
8308
3687
3306
7694
6570
9387
1127
6762
6947
3914
8986
6161
8545
3930
6893
2381
923
5889
6634
1605
3278
7605
4830
2482
6178
1881
8248
5468
3472
4542
2440
813
3786
3448
1784
6784
70
9118
7513
7350
7630
984
6090
7666
2117
3601
7750
3175
3012
8480
3359
2226
9521
7881
734
6679
282
4324
3336
8721
6163
5967
8925
7068
8079
3253
1082
9667
3075
8417
8649
541
6925
8855
7203
6453
4648
6028
4329
1770
5914
229
5190
1597
5169
1111
1528
3714
5021
1403
3324
9257
8564
5557
8368
7353
9288
6776
2313
633
4957
9350
7405
6679
7916
3844
9209
5727
6930
508
2580
9113
3909
7855
6762
9497
9691
3524
3963
2957
7659
474
4803
3289
927
6139
2231
3565
2587
6416
4921
6403
470
946
432
786
2858
5340
9338
919
9583
8589
4058
7562
4445
7705
3265
7397
1521
1907
8356
3919
1814
9682
2654
5410
7997
2986
6971
8211
5153
4093
5652
6940
2495
7281
2046
5949
4649
4289
7162
1337
1221
5671
5621
2170
2239
8768
1960
5843
5847
4531
5027
3233
6988
2216
3437
4830
9637
4419
7270
1536
1339
5252
4459
8439
8676
6462
7246
3124
7125
5409
8137
8667
938
5418
7357
3042
8903
7761
1801
5988
5402
2584
2075
9433
7446
8651
1361
3085
2099
5623
3795
4066
6872
7192
2406
4906
4388
8570
7344
8503
7960
9094
851
9276
4810
8480
5984
4843
5177
4429
1897
2551
2263
7493
7587
1238
3945
1354
7613
5591
3409
1956
432
3184
9292
9493
1741
1233
1156
9336
1131
4620
8371
3001
3217
7372
7918
3097
5914
9688
1350
615
2172
27
3716
7284
6209
5239
4154
1345
5873
345
7676
1198
8220
6010
7895
9344
659
4882
590
7916
8554
3266
3272
5840
1429
7597
2266
5740
1871
6265
4811
7576
7193
5963
2372
4975
3689
4858
3201
1585
1107
6211
3763
381
9101
373
1109
7127
7713
8259
1254
9762
7780
2961
1884
9348
2475
4447
9076
1231
5423
201
9377
4024
2516
3878
7488
3039
9051
1306
2586
5771
4073
2404
5729
3469
5900
3522
1060
4423
3979
9345
8489
7533
5717
3823
9701
5472
8992
357
2223
2613
1704
908
9696
3366
1368
6954
3627
6150
2921
3359
8847
5854
536
3150
2721
3929
3770
5843
6630
5490
3792
6309
4721
2753
7549
5098
9398
1874
1213
6471
1337
6405
3725
2800
9015
5519
8267
3435
3152
3372
3388
5231
2650
5226
2547
7218
5376
7147
1145
784
2874
6430
772
7962
4412
8194
8961
7926
1825
4489
5746
8320
910
8614
4628
9454
4544
9650
2842
3753
5930
2413
148
2696
1884
1156
7691
2319
3771
7065
3031
7364
7171
1567
1161
5432
3565
5795
3144
7504
9313
2555
243
136
5391
7338
4364
3940
1006
6399
2014
5152
9434
4695
2033
252
9475
8556
5137
8804
7284
7262
9250
8947
9501
3641
5478
9211
2587
8777
6572
5385
216
3030
4993
6264
2216
65
9628
475
4914
1910
5504
45
3970
1837
7977
5899
1816
3071
9712
3728
2663
9601
3129
6326
8971
1211
9350
8923
9646
1652
989
7853
3697
5146
4828
1335
6611
8391
1891
3296
920
6441
9075
9408
2392
1600
712
4056
1223
8007
681
5878
7195
9442
1206
6146
2138
3584
7875
145
1292
8175
1111
4719
6661
5659
3100
6277
7472
5922
6806
5704
362
4185
3658
1641
6781
5972
3583
7363
4111
1833
1448
3860
6503
1733
6655
2455
2770
3127
8098
4637
3955
475
6480
8464
8351
6390
4581
3070
3182
355
4918
9314
2251
9209
2612
7883
533
5747
1760
1750
4830
7290
8948
9746
6644
1268
2349
6003
8593
4509
4203
6725
3483
7505
9746
5903
5137
9149
6453
3478
2163
3369
8746
7130
7136
3499
24
5478
1251
4980
6579
678
3299
7365
6623
1693
3085
7673
3959
387
346
9660
1298
837
3511
7108
5453
7716
1202
9121
7724
4375
9376
344
7443
8751
7445
3776
1318
8111
7920
4455
3701
9585
3165
2679
7692
1457
3009
2606
7728
5011
43
6575
2270
6379
1196
6420
6642
6612
9345
8993
7952
2665
8451
5312
1649
7225
715
7853
4995
7170
6711
973
3858
3684
6660
903
8311
129
9558
4028
5678
516
8140
5000
3748
6043
5387
578
8601
302
9308
6299
8451
306
4539
2620
3631
1273
7791
2341
2575
7064
7205
1203
5134
9570
1342
8542
1894
7676
5331
9217
4475
5158
7563
1797
5609
2440
7650
6740
970
7765
4025
3345
4373
3336
9510
8096
1702
6219
8254
7347
2428
1543
2794
1627
624
7374
971
7407
2647
4435
7262
5749
1126
9325
5431
2574
6163
6145
3561
9281
4478
3782
9216
5070
3484
7385
7015
2089
8350
645
4681
5272
7205
8442
7724
8737
3015
986
103
607
9543
1094
3496
8593
3607
3018
334
1214
8882
4643
3898
6784
82
8830
9278
1098
4565
2412
1441
8862
8853
5613
5689
9534
5318
1134
5308
2626
9264
9418
6547
8938
8823
3261
7129
5786
4704
4877
8788
109
962
8683
9256
6596
8118
526
7169
1643
7397
714
6503
4439
6495
7987
44
5135
5602
7043
4740
4197
568
319
1569
8308
3597
2963
6533
7919
4212
359
7251
180
2171
4269
8817
3336
302
680
3822
2394
1539
4099
222
273
2786
3649
5048
3709
9677
9359
4431
1324
1743
1911
7820
3962
4707
8306
9569
9373
3998
1907
9598
6446
8790
4911
7256
6899
4701
2067
4918
5290
9294
9121
8571
8378
2647
6487
4010
2416
3782
5193
377
764
9250
3923
9197
6671
2365
9521
2145
902
9330
2425
3623
8608
4329
2124
909
5359
1568
9077
2769
9229
4125
6923
829
5479
5647
1835
2565
1680
5132
624
8594
6774
786
4467
6401
4734
3994
8177
9251
3053
7849
3894
5440
8613
9356
8895
1142
6311
6487
8833
3539
7732
8816
9628
8760
8407
5927
1211
5011
1932
6127
7706
1720
300
5931
2327
634
7316
1385
3457
2411
224
4091
9714
6487
566
8884
5908
2660
6440
8804
886
2336
6213
338
9588
6956
5462
6138
4028
6289
8372
6728
8239
5982
1216
4470
2241
2150
1682
8322
2616
53
1518
9710
4604
3959
6762
3508
4511
6465
8094
1099
4202
7455
1287
9056
7536
9570
7186
9231
4405
3743
4489
7075
4331
1259
718
2655
8520
9738
5416
5261
6734
2724
8931
659
2211
3806
6632
7592
9376
4840
9702
1228
6738
6458
264
2064
9350
1460
5485
1956
9073
1732
810
4430
2206
8872
7091
33
6969
7778
7779
1744
7481
7304
4171
2865
5704
9204
6817
3166
5911
7239
4067
9105
6417
7238
9490
3670
5990
3396
2346
9747
2578
9295
3080
5906
3567
6116
6511
9223
1472
6427
6041
6457
2970
7843
7645
5712
7820
6033
9223
7415
3377
4334
6005
1256
3056
779
2842
2428
5353
5093
1337
8651
8217
8221
3220
7489
3223
7972
60
1785
730
9313
3745
4391
9726
6573
6108
8949
2040
2475
8688
8530
4963
25
1246
7200
2965
4919
5220
6342
7426
8991
6835
999
3489
9721
2910
4958
3877
6891
8302
3744
2031
5586
7404
7693
3235
1411
5869
6076
4620
9512
3107
6505
2511
6465
219
7321
2931
1023
7117
4573
2266
5716
9470
5611
483
5776
1057
7230
5898
1687
5488
4943
2295
6899
5225
1877
8353
5275
8163
3458
889
7301
8852
5970
9192
5758
4593
4574
9705
4790
8925
1538
2089
1977
2912
2088
3614
6919
1009
5658
3495
2157
8887
903
8963
6056
4269
8568
4280
7857
5999
4010
4340
5724
653
5079
95
9524
3585
1472
7913
3313
8749
6784
9670
6274
1963
6635
2748
145
9028
7511
7648
7251
4971
6570
2802
6635
6260
2954
2855
7370
9328
9372
8092
618
1667
5747
5246
3100
6934
2259
550
8264
7036
5051
7506
1012
9067
8899
8447
4771
1528
7109
3134
2371
3532
1335
1119
3878
7542
1236
2955
7236
9210
7008
6975
3696
227
412
3605
2142
800
2086
4170
2624
9665
5792
2573
8061
9385
3890
6625
5171
8001
5008
1340
7395
3356
6633
9283
5200
8093
8135
4034
4109
7833
7701
6587
6314
6556
4978
5934
3531
8661
8150
6929
3743
476
1426
4764
7512
2565
3073
1632
3774
1966
4137
1666
2658
3061
8622
6584
9653
1107
3029
9618
3088
6425
5973
7619
8198
727
1908
3586
833
5412
9229
9251
3961
170
1065
4960
7391
3276
7468
388
2896
2800
2914
1493
6992
7972
4098
7136
5233
7371
9677
6658
9437
8263
2471
8619
8363
7233
1630
9433
1318
2226
7539
4358
2912
4430
7277
6458
1772
3000
8001
2179
4791
3272
6875
8272
76
285
6496
8890
3765
8598
5179
1131
3044
2813
4726
9392
552
1215
1468
3822
8814
4183
4810
6515
1735
2863
3508
6430
7089
5076
8134
6955
6583
7351
5791
6406
4858
3729
7049
9007
8793
5143
9467
6351
7850
465
1845
7272
249
5105
3955
880
2559
7603
8340
4062
2052
7710
5510
1186
858
5669
2864
3799
9581
6843
3781
574
7775
645
8705
4379
678
6013
8178
4401
7988
7019
3144
7799
170
6679
6630
2612
9399
6650
4480
5819
3317
1238
6254
1938
9368
9696
5662
6594
2371
9211
5902
7624
3942
2225
385
4003
3946
5299
8276
9555
1504
3199
1001
506
4695
2883
840
782
4717
2261
5999
2778
1933
6771
7212
3028
4414
4213
4968
4908
2843
9292
6093
2539
7391
1212
4283
6366
7796
1703
116
437
3157
1732
3252
1641
775
4107
5992
8943
1832
1237
4558
7943
4481
6959
796
1312
6326
1930
6662
8281
7490
8805
8254
878
6401
2676
6413
3613
7792
3716
5037
2287
9105
336
3538
4564
9208
5788
8824
7059
9244
8977
952
9610
7150
897
221
9291
2159
8623
3438
2363
7964
2047
351
6219
5813
8759
1985
2017
9346
1221
7504
7599
8359
6776
6063
6176
3533
2492
5764
9452
413
7916
9512
6489
6241
8778
1048
7116
8367
8352
8432
7414
3976
7968
5917
9660
8692
1721
7923
4004
1320
439
1778
479
3999
6087
6149
1869
9269
341
9051
2424
3038
9697
5392
5837
220
4442
7756
2833
2328
2140
3746
7017
7783
9566
6422
9214
4232
1512
1969
6043
8113
6658
233
6164
7885
6521
2937
9237
1459
4225
2201
5676
9184
6992
251
3703
67
86
5450
8931
2175
7995
1303
5438
7478
7647
4699
7932
4150
2527
450
5184
5736
4271
2221
4933
1648
9450
3300
5088
3897
4512
9158
719
7956
880
2520
2885
7715
1636
3273
5229
2128
5367
700
3393
9022
4514
5288
3399
9691
6293
9563
9503
1805
965
6219
3818
8052
5262
2742
796
5053
6325
2081
8421
3253
4810
6090
4030
6063
919
8053
3207
9051
1670
6380
8085
4852
8863
6812
6322
8082
3250
7065
5955
1015
7819
2915
5969
7840
1409
7743
6400
8490
6106
1983
9342
2952
6319
3193
7900
8185
3104
9318
6837
835
1975
7618
4595
2228
8810
6796
8143
815
4493
2573
2799
550
7663
1782
7333
4650
326
1022
7896
7184
8471
5780
7889
8633
8065
4429
6323
3202
4906
985
1400
9062
2803
9677
9273
1292
4731
5423
2970
8608
9211
6250
5246
3904
934
9025
9413
7897
1548
4041
5780
9560
7724
9539
2364
4106
6052
170
8656
8181
4990
201
8270
634
1988
4641
1587
2287
3027
7301
5419
7670
2243
4250
1495
7306
6971
1631
4695
1391
7462
4127
6285
1565
644
4819
9763
8210
1477
7524
1020
411
9354
1038
8598
9087
73
6643
9298
2757
9666
9637
9762
7256
3396
2400
8260
6307
8975
7131
2055
7908
5173
739
5396
2882
5037
5542
1995
4981
4849
7323
4286
8929
728
1552
8114
112
8381
1334
5721
9435
3346
5456
1008
7022
3708
5835
567
5829
8311
1542
6544
9646
6911
2679
165
3961
1450
9437
910
7662
4908
5389
158
6286
1130
3772
8018
5365
6369
3445
2657
123
7048
3225
851
5463
2067
7426
4379
9291
3454
6090
6740
7916
2590
6157
5211
7006
5006
8178
7720
8854
4914
1282
968
9056
2781
5533
4639
8871
7187
8718
7197
6556
6868
5458
8828
7091
852
9125
1711
7647
82
3458
2327
6301
7219
7139
1739
7312
4137
5247
1449
9134
4253
1233
2751
1616
3158
8905
5650
7406
7000
5380
8934
2607
7009
9196
6041
6671
3043
9509
8839
5434
4985
6367
4333
9514
2622
5713
4299
3991
3393
6945
1036
9617
5633
9512
2064
7596
2438
6903
5633
1216
8552
5214
7056
473
5542
8410
1659
1082
9597
4673
6315
1350
3180
2584
1098
9526
1995
6789
8005
6931
8759
4673
5765
3328
6711
9694
7952
413
141
3767
3670
9758
8275
9433
8437
7449
1682
9585
6279
7177
8265
3561
3133
5787
8964
5190
3616
9723
5424
9711
5079
7029
6076
3999
832
4890
5272
8812
3528
2029
7148
1278
7196
9730
1821
6519
662
3094
5728
7743
3247
396
4063
8632
6882
6164
6938
4279
7520
143
95
1074
6226
6527
1316
5708
1386
2346
5182
5495
4645
1502
7401
6090
2153
5310
1836
780
6149
2282
271
1785
5894
3085
7846
6366
6915
7409
3019
8846
5803
734
8986
630
8031
8297
3463
4859
7778
4013
8597
6108
6679
1185
4849
9089
1201
8245
9292
5183
2355
995
2516
8765
9103
398
4784
7238
5640
3505
4539
877
4473
451
7019
1895
6783
372
2082
4474
8480
6512
2970
5571
9253
7991
1745
7273
8932
6859
6783
9761
2737
3760
7718
6630
4579
9689
9348
2490
875
6794
378
3778
3923
5527
5853
7702
8381
8660
4057
1505
6865
1274
4373
7317
402
2213
7685
6297
6573
6182
6782
3263
7752
5369
623
6952
9743
4400
4456
7588
5365
1920
3978
6708
3601
3867
2868
4289
7357
5773
8799
3753
2393
4450
2186
2429
4557
4575
523
2268
7957
1485
431
6642
9506
1805
477
6229
6844
5067
8896
3772
7547
2868
6448
9093
6313
5635
8197
403
4686
38
4449
3872
4690
2662
3772
2870
1407
780
1597
3062
6805
4618
6280
2595
1393
4939
516
5951
7588
4116
8637
5288
8348
847
4220
8542
526
9368
2846
3463
8169
7358
9217
7769
8129
9483
6198
806
3452
4124
4854
6903
6028
8272
6866
9035
4421
5596
625
1175
5322
8541
3309
6393
8467
1606
4790
8397
6872
5085
7739
2814
5473
1628
1600
4394
6266
6250
4056
1913
3808
3227
3862
8879
6358
564
8479
677
4696
5571
471
8914
2175
7911
6959
9149
1032
6372
1176
9218
1818
6941
1086
2665
758
6761
4287
8094
5924
5171
3820
9177
1856
3984
1396
1403
2869
1083
6347
8927
1067
1876
6352
9403
418
9500
8489
2598
8639
6532
7477
6349
5625
203
7739
424
8488
4409
564
2745
3025
8871
4840
4185
5525
7544
3479
5130
2291
7505
5508
9411
5281
1721
5356
5707
697
342
5109
8125
7700
9146
7093
3913
1306
8562
681
565
3132
1933
444
6541
1061
4285
2365
6775
1761
3275
3076
453
4966
3662
916
882
4314
71
6919
2932
4318
7129
6703
4468
88
1804
2516
2032
7302
598
2781
7187
3708
793
676
3145
4001
165
5238
5521
6572
2195
1565
3349
1924
5760
6865
1994
7770
9146
920
327
730
2523
6855
9169
1238
4189
8730
339
8462
1062
7015
3020
8488
4203
5847
8361
5902
6155
8561
6051
5047
8595
9555
625
9215
9529
8638
5801
5592
8761
8638
1389
552
1891
2060
2776
6087
4923
7909
5729
6720
111
4861
726
9184
8610
9263
9508
5514
3889
6904
4340
6875
9402
6286
8637
3061
2876
1225
4605
8239
8888
5009
4050
4860
2997
8406
8708
1325
1236
9679
5494
6665
4749
6214
9024
3887
8276
3688
3453
6408
8217
7552
6370
4705
9429
6068
2860
7433
8765
3854
6437
1738
1365
7292
1883
7653
5674
1911
8196
1560
5404
8259
5290
4768
5973
5364
5546
6038
2918
9590
4846
6702
4301
2800
7719
6893
9005
1132
8083
5120
6286
5178
7913
3890
5251
4272
7255
3147
9557
4274
7255
2028
2072
6714
86
2966
800
2044
5553
7983
1585
9139
9587
8172
3122
2453
2743
2822
3572
712
1660
925
6335
5024
6799
6173
4615
3444
54
3562
1361
2854
9118
7366
4542
1039
3289
3301
6229
6784
2590
5097
6747
9753
445
271
4443
4157
4552
846
6055
2006
3695
3133
9387
466
7158
8855
1602
4246
1282
4328
5596
3200
7667
8765
2733
6553
5131
5434
2380
7586
5476
2957
4385
6368
5109
8385
2908
4888
1252
5210
8306
4418
3611
3802
7661
4167
6032
3404
125
5904
7001
9079
7337
3429
8378
9121
808
3920
8150
5700
3610
143
774
1452
8665
9139
1281
758
1128
8472
7756
930
399
2656
3346
8338
1099
8233
8738
4311
4376
6360
1914
6088
8847
2129
1034
789
6597
229
5666
7381
5635
4217
9681
7177
7726
8418
631
3528
5333
1593
3863
2363
4656
9151
8299
2973
4368
692
1326
539
7785
4359
5232
2838
7150
2441
4451
613
1782
3392
6013
1595
1837
6204
646
6751
2744
7493
8203
3375
3467
8916
8731
6754
3428
3437
5918
4899
2499
8345
3434
8865
8632
1094
7395
5003
8083
5136
9759
675
879
7176
2370
2883
6110
2486
8408
5751
8973
5824
3337
3307
5651
5692
8254
2366
2728
5270
5742
6389
3583
1745
9555
1941
191
6904
1792
3293
505
8769
2355
2492
1110
6324
8947
4133
2777
6041
556
9413
2868
3544
6793
6356
966
5465
1496
9749
3668
852
1528
4390
8951
8083
4337
3299
573
4896
5055
7479
8108
8827
7744
355
6478
2286
7737
1322
5298
6957
5464
9659
6690
7236
161
9359
5542
545
8111
632
3206
265
6009
6824
2932
2708
2890
7816
7171
5179
8271
9123
3535
5293
4182
8132
514
4891
93
3701
9372
6941
2153
7573
3629
314
4227
7587
2043
6070
4653
3259
4220
7461
4807
9521
6938
9115
8266
6702
1397
9152
149
7056
3196
6584
8774
7335
6804
5993
9047
3179
2876
6435
1500
7066
4020
896
5888
8960
8203
1683
4625
5479
2991
4404
3025
2574
9520
5577
1522
6831
5977
2966
8853
5238
7129
8176
6161
5607
9251
617
7285
7298
3334
7636
9680
4869
8491
6963
3806
366
7608
4517
136
9613
2218
7891
6021
1779
8655
3055
1969
2967
1566
6849
8382
9102
6715
9267
617
7345
7572
2740
3252
304
8630
4297
3575
1612
9577
1113
8568
3102
3397
3931
1700
8974
7745
8464
8111
2549
7326
8171
1664
900
3162
2958
2743
2461
2902
3892
9596
8915
582
1686
179
8620
4487
3921
772
2744
3896
3451
9674
2949
7315
5120
6022
6890
7537
2844
112
8586
2345
3504
2519
4399
8529
4452
1235
1162
1407
2447
6900
2239
674
5496
2480
3092
3183
4000
8362
6187
3121
2787
7739
7254
4748
8857
1647
1065
8851
4203
4194
7758
1234
5239
4547
5306
206
7775
2736
1836
3662
6773
5220
5494
6588
4593
1098
8521
7161
8720
5905
4810
8885
2266
2974
7944
2689
5558
1424
2960
2955
5060
7789
6310
8368
1680
1891
953
7054
832
3553
7735
1547
1871
3831
1428
4157
622
4543
131
4221
5738
1338
8360
2304
7897
6285
525
2561
554
2046
668
2844
5951
5045
6539
5319
6471
2843
7498
8449
7825
7721
2480
7062
3770
9589
9612
266
7463
3784
913
2957
8938
7342
1273
7818
7384
7819
2940
8882
7056
3328
4640
1623
7323
8523
6667
2063
3263
8261
7452
8481
2005
5403
4206
9236
7066
7451
2896
4980
371
1355
5341
1066
5607
1597
879
3904
2191
7368
9006
2739
6395
8273
7877
1424
9652
2931
5748
7840
2180
3732
54
8610
2208
6296
1386
5321
4054
6330
3790
3586
533
5466
1101
4619
7414
2536
8954
4309
5672
7166
3787
1162
7542
7914
4316
9396
3921
5194
6671
4827
6525
4540
1840
1148
3562
1006
7969
9439
917
2565
9140
725
2986
6520
3800
5241
7184
2974
2987
3899
7402
6106
5870
7871
9058
5500
3174
8174
2851
3782
2580
2774
6664
7977
2533
5270
7595
3456
5821
1489
5016
9710
8356
2505
6588
5006
7720
4194
8226
8767
351
5407
8471
9366
2439
8086
7992
733
892
3183
9671
8436
4441
3050
3364
4411
344
570
4134
1611
3902
8930
5220
6396
2018
3461
2027
1710
3626
4593
9480
6619
4365
5961
7081
107
2894
2794
8724
5116
4099
3786
372
7238
9024
6103
8889
2368
780
4018
8956
7711
3072
1646
3703
9209
5134
2837
7845
4012
4746
1265
6255
513
5576
9150
1793
7764
3674
2650
5777
5878
4517
2748
3866
4203
3494
269
2267
665
6064
7799
5614
4238
6946
3843
5107
2732
3466
8255
3704
5274
7501
9545
7743
2586
7649
5425
988
9020
1793
1062
7448
2634
3239
857
9046
577
2255
1885
3616
8422
1024
9438
7893
2235
1810
5467
4913
4142
3913
6529
6161
7664
6224
4170
916
925
7123
2538
4893
5467
1355
4725
5412
3991
9513
312
3701
5564
5577
7282
3948
9511
140
3733
8654
3199
4215
7586
7943
7259
8473
6217
6668
237
5653
351
7476
79
869
5662
3459
909
9257
755
8096
3191
3735
5316
4646
6304
3388
6962
7939
4726
2527
6351
7890
9203
6133
5848
9024
9502
1706
2628
9266
7295
9248
4529
5568
6214
5204
6421
2669
1297
47
6384
6490
264
3579
4354
6074
4035
2758
9473
3146
1829
5234
2099
7049
5959
3003
5308
8532
5176
3395
3002
8960
7058
2465
4662
1306
9403
3869
5869
1091
736
3180
1121
6053
7895
2644
6420
3698
1751
6345
3676
750
7471
2722
9422
253
8896
3909
762
3258
9462
2588
950
5411
8176
2567
726
4093
9690
8450
4127
3120
2304
941
1531
9621
9396
7109
7848
3711
8402
759
2507
4902
6661
1959
3999
5335
5984
3524
1899
6040
9400
2078
8202
3808
7126
915
2813
9660
3453
8676
7228
2194
2027
9458
1928
3813
2931
2397
8746
2688
4353
6181
26
2133
2940
9404
637
6708
2441
923
2272
4413
8549
1643
6761
6947
7760
7409
5359
4272
3329
5490
2047
3240
1999
4082
9024
3957
2551
2956
2682
4370
6882
4597
2798
79
240
3104
2753
4354
4615
8389
5680
8493
9491
7657
720
6746
6467
9442
4498
1326
4514
9456
1849
7034
2550
9384
1869
7772
4383
2149
7200
1450
3866
2724
787
3437
4082
784
6648
3834
2706
2866
5749
316
2654
528
8210
4872
5178
6817
4556
3647
8450
923
8844
6938
7185
4998
5698
6478
9481
3625
3663
6833
5952
7130
1094
4652
8473
2854
4123
7033
4606
9291
937
7780
8628
1497
5632
2276
5920
1234
9411
9309
3283
3631
7597
3851
4987
8509
1087
2829
4636
2554
4992
2202
3998
743
2443
8657
8721
1946
4258
8934
6190
4963
8690
4328
1812
8581
6026
6858
1851
7872
6108
6720
4842
4777
6393
1078
2848
6059
3804
3953
2034
5824
4400
2786
909
4627
930
546
5710
2204
7414
8140
1570
3080
8831
6139
4918
3493
5305
8636
1047
7743
2768
6079
3759
3398
522
2707
2830
546
6718
459
3102
3504
8159
3064
923
8784
4978
7691
6399
8899
7937
6036
2815
3337
5055
3682
56
63
873
1620
6277
6775
7493
4109
1386
7907
3063
1848
8345
6225
5863
2872
6259
6708
308
5563
3900
9378
6982
9542
5047
4183
6217
5382
8978
129
9342
7898
4507
1953
7511
6695
9308
6226
6952
1140
2526
9476
6526
8038
1865
9111
6500
2695
3802
4397
3818
105
7584
392
3065
1680
9019
7148
2009
7656
3809
902
1938
7335
6964
8662
925
9475
9457
5175
359
5808
1136
5939
4564
8192
4557
4970
4833
4494
9382
7083
7026
4515
3364
9241
6755
4855
435
6025
5972
2917
5050
3484
7927
7149
2759
2168
3661
4309
575
7348
3600
181
4268
3712
6715
1348
749
5885
7110
506
6716
7841
669
1365
5180
9342
2313
5497
6852
9558
3724
124
5051
2126
2884
7408
8011
852
3173
5981
2106
7559
4002
4841
2019
2402
4954
8822
1534
3148
8728
5923
7323
4788
875
2519
9459
1043
5785
7163
4682
6421
5404
9238
3634
2249
5622
181
3353
5122
8378
4455
1254
1869
9676
8654
9375
5646
884
2302
1594
5991
4364
1955
4240
1050
1348
5305
2138
177
7286
1583
1511
7303
6906
3060
1864
1273
8494
9357
4992
1894
4777
3682
6811
3123
7569
7953
4075
7164
885
3836
6323
8854
484
2598
7347
4435
7521
392
3142
5582
7592
8941
4582
2444
9434
5489
4308
4302
5898
2488
4849
281
7815
8179
9093
6724
2745
7371
2029
6452
8425
3940
9105
1484
6292
9439
7451
651
5235
4632
407
517
8401
4206
8308
9105
4938
4629
2223
9441
6146
8235
3878
9089
8162
1422
8138
2610
4551
8092
3344
9062
5869
9728
6490
3733
7740
8337
9692
1360
5078
2498
812
7248
8468
5886
318
2781
9067
7836
304
6380
2156
8178
248
6601
220
9540
1676
9150
4000
7856
1868
9661
7859
105
4817
1966
3215
621
2942
4436
340
5295
853
988
1009
4062
2039
6309
9418
8518
9606
8455
3898
696
3297
5410
9425
1841
5675
7687
1757
3957
6846
4704
2205
7963
6555
2889
1411
6749
9344
3862
7488
1907
7491
1972
7543
6910
7939
4899
6828
3556
1625
4701
1861
3511
4556
9639
5943
2933
3827
386
961
8522
9337
9460
3724
906
8719
7106
4822
4108
725
4778
2069
3917
6917
4571
757
593
1243
9624
9742
1121
4611
6436
8880
8886
3721
1117
2298
7157
3270
2701
2354
1842
8828
2715
4155
8536
6549
603
9202
6418
3509
9316
9549
7787
4048
7076
154
396
7489
7588
7145
8508
7917
8228
7055
6166
969
285
1203
1113
7065
3670
3115
7806
444
730
7594
9480
1251
6588
206
5468
8621
1531
4259
1471
8221
2386
9260
8659
5184
7016
3330
3819
242
3358
8276
6716
193
6954
4464
9274
6206
2434
7641
8108
2069
836
9571
9362
6972
7199
2371
7073
9746
9272
1896
7559
7614
1869
2636
3768
1915
5276
1537
9549
8087
829
5906
417
505
1559
8096
2460
1132
3665
5580
8156
5879
5046
3640
1838
7878
3370
3356
7142
7939
845
229
6054
8870
1796
4812
1543
6351
7192
9242
8271
8570
2228
7066
7683
7138
4915
875
6051
1868
693
7071
7845
3807
4374
1341
8698
5965
5758
3197
7920
333
1109
5098
4090
6601
1908
8805
35
3663
8360
6672
7091
2245
6699
5618
1257
7816
3964
8274
1921
4445
9355
514
4057
9318
4102
882
2684
5004
9129
2051
267
1478
3557
2668
5669
5437
6520
3079
4142
2521
77
8193
7921
8175
7547
1550
5302
4449
1771
5160
592
2292
6729
2933
4821
796
6379
1810
749
1067
6996
152
8088
211
5665
8039
2801
8824
6283
7598
5929
3113
3932
3186
5818
6769
6553
5579
4752
6009
8416
4922
5355
8453
5054
4574
1926
2517
3366
8074
4769
4756
2019
5018
375
6713
8124
6744
7459
8227
4459
2864
5750
7566
7012
8864
3237
9151
9027
296
1395
6287
2752
329
581
4792
4812
7582
6230
4139
1513
2399
646
9514
1833
8552
2698
2264
7497
8410
7056
9296
4574
1896
2661
494
6298
770
4307
6980
1101
1181
3454
7146
4399
5424
2137
7523
9081
6957
1153
730
8126
4933
9165
6171
3854
820
9637
4013
7227
763
7931
1931
5452
1390
4571
7657
2115
6347
2627
3853
7004
56
1991
8983
5756
8487
8628
8745
2212
9324
6141
7758
3734
9244
7870
1435
1135
1843
3291
2570
2233
2544
9733
5413
6128
567
3891
8451
5630
1052
6072
1657
6667
8206
9259
7313
5065
7891
1767
6621
8395
1737
3891
2132
4165
6040
3831
7719
7845
5801
8415
1167
4853
710
6640
4282
1552
5860
93
5401
556
1704
9702
5680
5207
7796
3495
6585
3927
5965
7254
7828
2157
8897
896
802
7135
6909
35
3852
1881
6066
6435
4390
8348
9128
7668
2765
5871
4659
658
2849
3777
9517
8064
2496
1036
3508
2486
9186
1406
8493
1057
5547
7916
4602
7345
4884
777
1041
4482
4420
3337
8773
131
8765
5431
8692
6111
4414
3136
905
5277
6452
5822
4825
450
8017
1502
1033
2711
3420
2786
2340
6514
6117
4859
7515
120
2982
8662
1905
8972
5852
6083
3963
3110
2178
3153
6356
3765
3703
6022
3866
4830
8620
6938
9748
3993
200
7127
1701
7878
9460
4298
8008
1486
2309
1504
8995
5331
4246
6016
4650
5128
2325
1670
1608
493
2376
5416
3036
3194
1897
2860
9001
5285
9684
692
7480
1306
876
3419
9648
8760
3235
1245
7725
9438
4574
4487
8741
3555
2791
7011
9703
3825
9478
1443
7736
4566
3569
9081
2965
5189
3016
3115
7762
3354
8850
5713
5376
92
6276
6498
7857
7431
3839
9598
3511
1916
8664
3838
2402
498
7262
3809
7536
9242
5863
2608
9704
7324
1664
5978
9331
4967
1919
7489
6386
8741
6595
2944
1047
8146
5955
6873
8754
2799
7726
6314
9257
4839
416
4755
5418
8368
8184
2977
230
8573
5636
1564
3634
569
5149
255
3420
2334
4795
6573
1499
6062
7290
4078
6064
6299
1186
8562
4430
740
1689
7823
32
6875
8748
3891
7306
9447
2988
808
7002
9081
6498
112
2864
2746
4290
1456
6847
7301
5321
5486
2733
8874
8557
8347
1317
6070
3780
5497
2059
6677
8943
6850
8865
1907
9357
5977
5240
8295
2810
5866
6190
9636
101
5824
5159
3836
226
3575
2257
895
157
158
1791
9404
9353
6906
2616
317
5952
7879
5562
5037
5320
6899
7131
7155
2558
6376
4085
1991
8971
9154
7134
6368
6074
400
4529
9695
4631
6861
1227
9104
3656
5166
4201
4546
1294
1572
9533
2040
6100
3307
5162
4430
4547
3396
2155
5256
8431
7793
7766
4811
4831
5222
9571
839
8436
8916
6566
2988
6570
102
4838
8186
9029
2096
9398
2815
3218
3132
8670
6634
1980
5321
8161
3098
9321
6227
7597
9394
2433
7560
8681
8519
7289
5646
9401
1753
4372
6419
802
9008
3279
1160
8320
1291
5819
6464
1940
634
8360
5326
9474
2747
6371
526
5449
8161
6446
7042
5970
9412
1057
63
7494
1670
2532
5709
4784
4028
8981
7662
1132
6762
532
9465
8391
5692
9379
9326
1024
5523
6567
8387
1507
5148
2852
8982
2944
8989
7852
346
117
1977
5936
3848
4445
4325
7804
7426
4302
5862
6957
7424
9718
9349
9511
7063
8278
7707
8517
6842
5221
4516
6402
9393
2252
5379
6724
7333
5936
251
8963
6538
2013
3015
2747
3463
7111
903
9385
3595
4726
2125
2348
6013
9606
2532
424
6925
9722
5482
80
3450
1162
3816
7779
5930
3182
5648
4238
3449
2300
3203
1260
659
7043
8329
8812
5875
2933
8356
4981
956
7615
3760
2511
1745
3616
5111
5943
2882
4158
6854
1464
301
9451
6383
6079
2252
9755
7329
8258
437
7164
1861
9370
6735
1279
2971
3468
2643
555
8473
8478
4577
4123
6298
3163
2827
6505
5355
4827
5087
7531
4809
3379
465
7853
3506
5824
9336
3560
3970
4343
5857
9603
9515
4751
6557
1935
3623
30
2071
7230
7412
252
7149
4429
3287
2432
7818
2576
3307
737
2214
1248
6620
8193
9042
4569
9086
5139
870
5278
7860
2232
6270
306
7606
9293
4609
3678
705
8396
7661
775
6036
8986
6079
5843
6993
1872
9536
6837
7403
7195
8016
5689
6897
5032
4685
4839
8269
4188
5397
4128
5932
1691
4882
4720
5922
1303
466
862
5972
1615
6855
142
3702
4947
2315
7296
1940
56
8249
8696
7180
5534
99
8466
7638
8052
1613
8593
1687
4637
3243
5081
4699
9311
9022
6027
7004
132
6208
1441
2767
384
3442
1432
2817
3183
2801
2511
76
2619
8491
1425
7209
3496
8033
4006
8092
2024
7075
5804
8678
5796
9391
779
2922
1033
6165
5644
3382
7193
3035
8250
7422
5315
3315
2793
5468
5547
3131
575
3853
9133
9257
8387
8457
5955
3341
3302
3780
7829
8399
9238
7888
8339
1243
6688
4606
9613
1849
7977
8764
7826
949
7480
4579
8331
6468
9727
1067
7960
6494
60
654
3661
7027
2306
6135
2944
6139
105
9199
6311
2125
5166
56
1565
7952
6829
1018
886
3943
4966
5809
3343
3723
7768
8636
6843
6953
5347
3826
1757
8882
8208
8205
2563
1425
1826
7060
6755
4456
6890
3135
8661
4462
3791
9165
7289
6192
9760
4872
779
6379
8623
6916
9001
6835
1545
7574
6494
6956
7794
3720
475
199
3379
9221
7509
2244
8458
7541
8687
2396
3209
6933
748
4802
7204
1358
6318
6310
7717
9619
7925
8806
1232
3954
2711
9176
1970
729
6830
1764
9746
9582
763
4813
4697
4474
3913
4833
3715
1740
1577
5766
7023
239
1114
8296
2382
5239
4793
2202
5764
951
4673
1161
1852
4396
1383
6064
6512
3176
7905
3744
4734
3394
1830
9101
3588
5498
3079
1830
8530
2679
6897
5973
4460
6212
7043
6728
384
90
9137
3386
1220
1725
6201
7709
1257
4209
494
2229
4081
8161
9548
3265
3060
7175
306
7468
2682
830
304
5275
5333
4130
3311
1745
7091
1463
161
2769
2381
9177
4841
3100
7080
3193
3142
733
4915
8693
7455
6273
6112
6456
186
9140
8795
1870
6171
5528
1909
704
5867
8175
1665
4991
999
4573
4559
4987
3671
7908
1593
1182
7943
1046
8533
9634
7441
7132
553
623
4301
5844
6757
7238
7036
919
1265
8027
925
9064
3651
9028
1595
9732
396
5013
1313
2940
7446
6587
7526
8179
7709
1303
5577
9712
209
9570
3454
8434
4115
4466
5613
7821
3603
5151
1727
9527
469
5496
7442
1897
7443
1750
6500
8068
8369
4793
2449
8459
6155
7220
4630
2415
7928
5902
5875
8927
8057
6962
5686
7715
4196
3263
6678
7506
1631
9373
6784
2987
4991
3136
4060
7345
9408
2081
2932
8479
2317
5695
8987
2772
1508
8237
9696
7364
3597
6888
1060
5888
2874
7859
2141
8319
2553
6837
2146
7677
2907
6536
3786
1685
5083
3394
8292
8644
2669
3178
5204
242
7248
2463
9356
8690
8552
7610
7593
409
9103
4273
1082
4705
2712
798
3106
2122
2063
8119
4360
6027
1244
4217
3725
5115
2984
7357
9372
7547
4811
7637
1983
2291
6323
9181
2257
4335
5729
4357
8009
5070
8245
4498
5793
2020
6044
3033
2807
1485
307
9665
8772
5423
780
3801
8831
1684
7341
4080
6463
4183
283
7082
4857
4644
9204
6987
2608
7110
6517
4108
766
6137
6241
5143
190
5718
1158
9630
8032
4425
9646
2120
7122
4605
732
3500
4641
4795
1897
5154
198
1132
7871
7499
6598
5877
2637
5592
2272
8625
3153
8363
8884
7298
4183
3065
7912
675
8503
9309
5976
8518
2763
3889
7966
7867
47
8292
8680
8494
9271
2585
7637
4539
4863
5772
7491
3786
6974
7117
61
8811
590
3717
4150
4210
4937
3525
8490
1941
2570
567
5904
4075
4988
1855
3479
175
5170
497
7012
5938
5894
1656
3080
9168
2114
2302
602
9691
5019
6790
1438
5953
4284
6358
7997
1731
3773
7013
3332
7500
5694
4552
5427
940
4255
1233
5371
5669
4378
8190
2325
2235
8970
8186
4180
4826
6541
9657
1965
9523
6792
1067
8030
4752
5630
7171
9361
8542
4682
6629
105
3322
5299
2960
2942
9447
2635
2348
1352
862
7314
3961
6138
5928
8920
4859
9095
9380
675
7565
7306
208
4135
6037
8375
8806
9744
2075
7848
9718
3874
1583
2462
1458
9529
7896
3337
7754
9011
2226
8017
6880
5234
3097
5385
9260
6081
5856
4151
7341
890
475
6657
5012
3381
2652
8674
1432
6662
2687
3375
9557
9676
4499
7585
9426
9624
4390
9577
7979
977
550
6303
9596
3476
7485
7651
1558
222
7099
446
1294
4736
4211
8868
4545
5208
4372
3441
6554
6579
2450
2252
1260
8904
6072
5597
8314
8562
6868
3348
6000
2820
2554
2570
6126
8812
6734
8750
4278
4875
9190
7096
6435
6854
5888
5377
7712
5202
1198
3211
7515
5122
690
5335
6683
3616
7580
3133
7134
4887
1536
9442
5215
4923
6837
3615
3241
9213
5579
6276
2636
2468
4049
3502
1716
2505
1567
833
5885
6128
2835
8423
2574
6103
6425
4793
6070
6751
3436
1450
3303
9284
$