13972
42821
50199
19433
72048
33468
88918
64103
66136
88200
39378
61048
33037
56258
14010
46489
20524
86011
25522
18868
46177
43818
54813
56408
14105
213
2573
48163
33515
58940
68635
94051
55194
82587
77921
55428
29222
2869
41254
93208
76052
38126
71231
63798
75505
87128
92848
57399
18323
74038
60778
92763
79922
51294
42763
8199
24245
10045
48054
88065
48907
19370
49243
49105
94835
60858
52739
57819
44293
86839
6145
94129
31572
72585
64463
85487
77553
14025
10954
42614
64261
71173
45784
33531
34637
20666
1710
27322
39227
5405
54927
8520
83372
34080
72049
84339
63816
95744
98560
35754
59763
83445
10850
29374
92484
64327
33582
95895
90390
56358
94501
12086
26437
24049
76714
97431
86980
90877
39544
81431
59828
48136
2223
24792
69953
47468
25805
6596
89156
73986
82496
4317
8486
1540
65500
32086
85453
4378
72155
87241
85825
71638
90474
43104
62925
84564
67478
79686
44936
83261
7592
90174
91081
46039
97234
23923
89253
12752
34788
17413
51338
28154
78537
90588
36678
38435
76593
51977
4025
9641
34570
73037
21390
90248
27081
54866
92098
35927
39598
63840
26515
62037
73674
76094
69479
64018
14584
77249
75500
55692
6862
49322
52086
31851
50515
91979
22928
32216
75442
26546
950
70235
3779
44595
82465
87721
96767
66415
24904
15724
64266
92884
23965
56843
51131
49485
69295
68993
53833
69012
49266
88876
86408
84185
1638
10781
91122
37869
92173
36718
81455
45197
24451
64423
94118
86051
9077
26055
27927
91657
26397
30327
53335
87392
64002
96664
44166
68126
77806
90357
68809
69172
42226
16299
49584
18932
14742
17047
44675
38079
97072
14607
61576
18890
27936
53619
82743
75947
85142
11300
51106
56328
71819
4138
11435
76851
87060
17492
5421
84474
75875
5054
75360
94365
75193
81396
59569
42851
77047
72296
2475
83229
11910
67911
34776
27468
73886
30692
33551
76400
2393
63697
10595
69672
85252
86672
31293
37455
96636
61282
26070
98393
81887
82336
14507
16995
29223
5814
49450
68972
52886
24726
24745
43799
86565
76667
40293
21840
47017
25957
33778
77372
10319
35193
92824
98019
17497
5578
55947
81899
27869
78849
83130
48224
6428
70374
17827
72734
70097
97147
57478
68996
58808
42944
16772
53660
6994
58257
21794
68784
17358
11868
17804
28122
50418
4666
58198
68337
1240
77494
50686
45379
26389
41129
41292
7755
97708
80242
66439
48492
32260
32108
36918
8605
49255
39471
32052
87019
11551
58008
77061
10345
27882
71412
83259
45147
82796
1901
32677
40397
98463
26763
55348
47546
673
55376
79835
53734
42509
3148
22519
68152
18330
90742
82199
66633
41350
48109
78528
23741
21852
31096
19565
12846
82054
43573
3752
13380
25104
32750
36105
40824
13878
34672
51320
33757
53242
14873
78241
4041
11680
86768
7576
62666
9003
19990
79614
46994
35510
26334
59064
55894
80626
67543
11119
57672
98467
52493
47992
38739
34454
11605
45622
85193
29476
85989
33109
38275
68853
90518
16276
65805
87692
91361
83008
43516
74383
39782
50454
94021
73611
47286
86303
65834
46102
69136
59580
14715
71906
86772
36924
78197
29881
49907
38650
95032
65573
10793
87974
51684
35028
34264
64772
88962
18706
48252
25800
20732
79654
889
69766
51061
95173
49649
59732
50046
32601
61796
60839
47294
39210
7329
31299
3125
51438
88331
74406
30022
52291
25612
45030
14255
87757
5416
83102
49896
29693
1156
84943
24190
73613
28899
59210
48046
88933
83765
27854
29365
42886
75662
96702
34871
55862
62881
77206
27713
26872
65746
62313
76619
91779
3722
8380
46294
1745
49470
63578
61102
933
57818
37364
65563
49974
9209
74112
56554
72892
33925
71329
10814
74529
63870
79547
16638
95982
66661
29836
3449
13649
3701
42364
11737
94128
68975
42877
89830
45815
77444
74551
30235
856
20202
54902
69679
39204
54798
12451
33890
79582
29129
10985
19965
57393
63460
33669
29704
88925
96863
28000
9756
89695
47414
66170
4956
22559
92852
49377
20746
49345
76667
9788
54215
90231
14050
71516
67221
41933
44965
17874
59054
37644
17531
33110
35947
211
65876
43108
52300
75251
45199
22795
1992
82212
42259
74084
85008
12490
6029
16878
89370
8316
21470
1943
38468
5348
73174
60356
79566
52987
27423
56149
68861
33908
66187
10185
93079
86517
58884
59043
37884
5503
42840
79985
46022
58546
45935
22929
87812
49913
36982
32940
84601
93038
83551
91024
15644
10487
91286
24410
58603
62372
57594
21412
6005
52630
54963
64084
59628
57005
88845
72707
29478
82129
85364
26677
29886
44644
55926
85801
96497
13064
11772
5596
33479
71646
33633
8191
52955
45912
31417
37428
38512
21874
84908
62888
14567
62271
7061
91037
1057
63826
52875
80551
16823
87904
35432
29530
26081
52394
85437
70615
21934
83844
51503
56735
3429
62582
24890
75629
76902
7386
88863
91714
96334
5068
43748
60929
68789
59040
28513
76118
92625
59414
66737
75992
26052
63293
10777
11826
4081
58163
30291
11269
46044
81156
37027
93782
33799
54379
48617
68665
51281
44562
36949
7764
81903
14874
81230
50316
60600
18051
52406
43736
39475
47620
56422
14679
73388
92305
89636
3528
42886
9142
33987
54501
35447
76552
45895
14360
92098
25939
96815
48058
61303
64078
47876
73106
74140
72763
5681
61971
5081
83852
51129
59091
17542
37695
8191
42983
84887
43476
48504
4823
61490
43654
62223
70411
31785
6501
44096
67850
41887
61700
64565
36872
581
56128
84474
92513
14738
19273
24549
58725
42170
27465
29701
41216
12045
54146
2912
63035
92834
5485
14801
98252
40296
35454
72244
20309
36481
50763
31364
29796
59744
94996
32683
78477
60945
61181
7379
97711
82440
64286
53031
21066
91566
63178
75263
45947
12010
87913
46551
33518
71020
27041
83453
55745
47127
66697
62500
21433
51983
3041
53538
17062
6898
1626
41064
63462
21882
62409
22014
42484
65229
$
793
24800
97442
20720
40319
62573
19263
57039
34392
32609
66683
89034
81832
19640
25972
531
68977
51689
21903
76168
16600
27620
34383
6148
66625
91125
98496
59416
73929
21432
9084
97147
26817
78058
17634
10280
31059
54882
47113
36331
92986
32504
75975
61594
96901
86983
80021
53382
55709
16071
59325
41730
39518
22555
43316
39010
47138
11902
61270
89438
58097
65686
92490
59875
93759
23251
33842
72768
55496
9512
82385
88766
94582
11356
21747
69211
81640
92247
9060
72175
43685
72564
60898
3145
66952
61484
25005
27821
41453
20422
43777
90170
3298
75730
13740
68880
47226
28044
72790
27944
94158
25946
37659
16495
71021
7140
42030
18694
26714
52588
65956
47554
38771
77693
47437
54908
83390
81713
27049
96469
48301
63219
5386
77621
82348
70506
36366
50999
66010
35124
49991
82965
95251
84583
79240
31531
63253
29847
56338
27785
40515
49099
42894
72901
65704
69757
61286
32167
41846
89254
73824
83021
13949
70951
5143
859
55519
53342
68033
58198
61196
43035
82352
24869
58640
10476
12199
24513
55315
27501
6904
98222
90104
74936
44215
81525
24431
97597
8881
79908
37681
11529
81864
96784
70974
85394
44859
81256
3324
22177
13504
48360
2877
4477
62636
97527
18818
46552
8135
20831
84894
7657
79887
73209
43505
79318
3979
63640
28586
69419
19679
48910
9250
34868
84493
24191
71162
96490
21282
18724
90319
52930
33579
61601
38817
49292
65620
68808
32420
72660
84076
94182
11251
55751
27449
62239
9923
81682
67841
75975
69664
86581
57484
15703
65811
5150
92886
60271
80637
36986
54361
46684
78420
55709
95489
22840
40448
79774
49853
19039
56610
86118
85720
58701
87172
39715
92774
11575
19901
42276
82979
90891
85845
6542
46414
34958
92520
84614
41548
22639
452
5278
25310
73414
96518
9793
42726
85391
38014
31266
41223
91158
26525
58495
16120
8609
11179
2916
80260
88828
922
49455
59681
97361
61596
87180
31175
17718
96453
55673
19994
55617
7785
51435
10306
82221
27869
58361
89461
87354
58191
12467
78477
18785
16210
61144
20917
6898
21198
57804
14182
60192
72705
82986
95133
85897
52891
53623
28429
54977
9381
65908
3597
17229
98114
23330
23831
75158
79257
75456
57969
901
34592
64079
86102
4365
87379
1939
18658
88374
24262
27068
65976
36367
94616
33118
81691
36630
27639
56867
79878
66338
38715
40766
12411
6093
1115
37565
53700
97704
97264
94611
5585
29401
36162
79113
40466
75462
47115
59271
71898
18716
21417
50691
35462
4172
91185
95245
56175
1295
21770
83519
88001
59032
76979
39802
36061
29219
32424
3542
43432
74630
77488
20895
89830
28334
76455
55866
58766
40382
52723
46724
44650
17900
23643
25830
52770
47111
66794
75451
18906
74324
50397
67765
86637
44822
45275
53457
89521
28817
4858
76364
83361
77022
84941
17521
70319
3457
18683
33552
21785
26290
16636
41948
82815
71409
1546
53561
29631
85261
30869
90682
79205
73655
30082
54748
75082
82792
4391
14163
53199
37602
364
55179
16167
36227
2782
33532
35243
74749
10759
50064
6794
64937
13263
14285
41326
33977
31138
75699
81897
95266
70149
17591
46320
39674
21317
94955
9035
76213
49539
10758
75044
7136
60005
94688
33434
73686
33912
91321
35695
29277
21219
41376
1078
19116
66767
15977
46714
68271
32350
44689
13610
2301
14300
39922
12696
37592
40376
31938
890
73614
52787
74438
51163
3641
77561
97394
75531
29667
80305
1936
78269
1433
21203
75854
96669
33814
96980
40345
84949
82620
85551
66836
2189
77254
89150
64657
93948
86944
96444
20116
48387
52888
35674
7460
1352
9008
15882
46822
53414
95063
77786
97494
55972
63827
31712
92097
67508
78737
83570
97169
17678
9331
22133
76018
64723
76082
37010
1553
55681
34339
15190
43351
6384
89078
15735
40982
82768
85053
80798
78943
76627
56705
61692
17327
94372
93766
12703
64350
31187
12303
97271
28830
51223
50672
89245
96415
17023
43875
9786
13977
20590
82997
21516
94815
50524
53889
7515
49387
55490
22164
32588
96492
8948
96485
21878
28797
48191
60041
11777
2850
27391
38447
62812
22687
55744
95476
46054
10333
23964
78470
59117
69198
75971
56603
28988
61648
35079
61146
1751
35923
84072
23336
59432
56202
96185
52712
15325
61726
97774
12691
89952
33783
97393
56231
51421
5754
91084
56043
1248
71101
6466
87529
49050
91329
73356
47823
83473
63250
65888
672
32105
15941
54015
98531
60732
60459
20929
92473
36470
43999
34938
42681
34067
7082
21237
15716
38442
82666
29730
26573
45301
36920
10900
7969
81808
67453
19962
45593
14384
8295
31375
39938
48270
24478
12623
87334
74859
59695
67277
78923
80606
71610
77212
71266
62572
16306
11928
49684
60327
94548
93791
34770
40634
48016
80551
56838
31200
78024
64600
18358
49035
43290
56733
46157
70003
57491
52136
73585
51279
32852
38181
5194
67637
78016
13793
18331
18642
40601
56282
67219
33385
30637
89608
8730
19132
45355
5486
3380
17542
64903
6083
43467
60538
75948
86480
75504
58111
76710
67541
73022
26634
90545
73999
61240
29750
9218
95648
76709
40919
43580
97651
64240
28994
62501
1496
59988
45420
31817
27092
79365
998
43422
796
56611
35423
61941
89721
77853
8997
86262
20319
9163
28506
28557
8386
69579
34827
5085
55432
55946
84061
25226
70822
26777
10825
47546
27823
81897
20620
68781
72819
1687
39168
45331
89046
69261
70157
40808
37934
8597
80461
23670
71640
68998
57446
21351
35668
21022
79100
95572
41161
38928
21785
64205
29544
13181
18645
59438
59153
17217
97649
72254
15192
81556
37285
51715
18156
62118
37562
19692
71921
33140
1755
70398
66744
5623
82095
34282
72679
91143
9055
61443
60606
87725
18486
94866
25873
68170
53340
39304
54933
40506
82024
83263
30037
11419
9063
32399
42114
31528
56276
88431
71838
93179
43599
27161
2265
48910
87244
71998
14659
5782
83299
20363
14553
67891
76368
4776
58714
70634
38121
8398
65840
71774
47358
56259
87110
88699
80110
39049
49321
54062
36609
49850
78431
47879
66544
46765
7374
96882
31695
48654
2437
45334
75263
75132
13607
67288
24961
85502
60516
42359
39702
77385
45919
87102
40331
42540
45601
51182
68824
83901
83192
9274
69791
68094
17599
67274
22821
79355
81735
50060
43374
51998
27298
55127
23302
28246
73358
49405
903
54613
87671
65829
78551
63156
63338
95987
19005
26462
93043
84459
52732
10328
90577
88587
72137
16733
40201
60950
51491
26101
6815
94175
52314
74391
9238
54053
4194
47472
18554
39061
20297
58676
6687
54811
65413
81907
80906
70471
33167
65316
92832
17207
55444
19513
30673
64862
62697
87488
59856
45823
96398
43373
1051
70360
35009
44874
57281
40806
82275
97931
47178
61883
38807
93972
44942
88829
30425
23475
65161
44892
77640
84937
65584
31861
56981
41989
27152
63174
52027
66642
28207
25468
86349
85771
25015
76614
41946
93971
40234
34245
35860
27602
9061
70211
96929
45612
19875
79841
73663
41529
4681
65580
38258
82356
18890
37780
91746
78350
88924
92167
17705
40175
81626
97301
79500
40844
33450
58990
59083
37516
14454
19566
47799
38695
21655
71261
67388
62292
61385
54446
47183
23451
13032
55177
98553
45517
50376
22209
38958
74691
81331
82867
44634
38672
26725
72647
38367
55472
90817
87387
28668
88426
84178
38623
57282
43822
52693
1033
61672
97118
19519
24550
33481
32257
53872
24069
60844
25833
93923
70137
61051
19498
13150
44147
36540
1181
3757
86845
88334
4825
54252
3223
85615
96274
97887
45490
34315
87518
16281
45553
29830
62645
71584
62969
3836
46653
41657
38583
64443
5479
48361
28307
39625
52586
75914
31185
38024
44055
91065
11300
33296
23108
55987
1502
82326
86934
9167
90783
27781
29849
27362
69847
60418
69750
14056
96648
35620
29670
31448
93745
957
52885
61390
30732
22838
9183
46137
26373
53668
69685
45347
57342
40906
61410
90005
29435
8553
17953
23871
18094
17464
81841
54093
58840
11335
65140
84362
42104
95981
45203
63625
57965
28524
23697
38866
90488
81825
37388
48073
70751
37087
5295
41009
91173
90433
81439
73437
72656
55072
41023
2554
72310
35143
674
46364
13758
76382
77688
30177
82409
34083
56278
30544
90805
47238
94267
28553
7145
82149
75706
54988
20368
81383
43681
20111
88415
48760
38778
52335
80529
57868
53385
48354
57737
61953
53390
6720
81209
28367
32794
11314
3525
85380
65110
36096
17953
33164
90851
44581
644
50176
95460
35644
24755
88907
5990
35299
92560
47509
54963
68285
75235
93612
36998
42058
73294
6508
9491
8179
85414
62651
87377
71949
23454
92779
47146
64723
52808
81228
94210
75142
40538
82380
26553
68008
46838
18663
43190
13761
62764
95602
26446
52993
81386
2296
15487
92842
59232
58390
63810
34325
32485
50143
16003
21591
56269
64582
32040
27736
92240
46730
12599
91284
10691
88152
92524
80268
56406
34646
28267
87734
31760
46788
54495
23304
58458
36612
94042
16538
50840
51595
6167
66601
91053
55772
92378
73555
37765
51985
15234
65727
26980
91727
40923
62253
71728
48749
39354
33661
40447
22877
6275
79307
22660
92519
30430
26042
88318
83549
60645
66078
66173
24766
26290
74431
4305
97003
72253
6803
64367
7296
56626
65516
51452
72897
7747
49542
42677
10165
9885
23270
78223
10265
14216
64906
42902
35179
192
20266
42055
17359
12111
41709
63149
48276
61956
10498
33322
18312
16781
5729
17902
75497
9028
94914
54504
84980
90006
8193
51855
16400
25328
70411
68301
47253
24806
67592
3568
38548
47851
50268
68818
9613
61143
60126
34350
58253
42895
43326
56861
9923
56534
12173
29907
47992
71738
54255
74982
65696
50036
13805
12426
47393
51963
74031
56059
80483
82873
80060
71896
61286
38512
67150
36994
68499
52740
79448
80009
92175
91495
80469
27563
37897
17470
37600
57975
34805
54595
73898
30701
3274
49408
59102
28330
95454
46105
36169
59715
97303
48416
16302
71641
68566
58702
92457
83347
46676
8462
29623
21278
61407
96170
46826
80054
4044
70653
63717
42843
51758
75641
68787
82227
32776
51170
83786
64553
20552
12402
71063
33680
68524
48889
15651
64420
83835
25571
35920
12378
84221
60335
95457
30341
28774
8060
22671
52091
68917
28118
54867
88122
41597
13009
97491
67300
9159
35419
5128
27610
33274
91890
9562
63495
86407
38309
58552
23811
63635
30930
3397
25375
57440
78328
42140
81635
84226
89814
14654
6736
58565
82619
43526
36696
15716
76049
85975
66483
8228
22478
80835
93387
67721
6186
26474
66014
74213
70660
39891
50145
96963
98092
2749
41532
80234
55505
14524
1656
14806
76420
75979
58548
53931
39773
5530
5064
37470
64271
39822
84994
74245
84055
64972
76778
49830
29117
96466
66147
38672
29862
93727
64014
56736
18768
18666
1171
22665
17027
911
84534
49072
61361
20960
71157
29622
52749
2326
7901
34516
77454
55818
58421
8977
77654
2596
44396
19751
90398
72109
77254
41992
54786
71610
11125
86820
5820
69987
44446
28261
2671
97997
24082
20362
19537
39875
12348
18419
12680
3873
20990
47942
91891
74442
88948
98189
7741
39512
62504
77516
59683
70692
61628
88377
17441
42635
25484
38201
4386
55423
24330
69258
65523
90032
82628
23014
47583
23186
69778
12777
42368
69196
15211
82851
30109
63195
79343
25678
66383
59519
45544
16347
73148
25354
12031
23223
94806
27331
78346
98224
20517
93092
78945
8251
50804
58847
48532
821
14972
90865
96553
34096
93404
67987
55566
51220
96223
42911
88231
92901
44933
2335
28456
58979
96669
95216
29543
14076
4290
26339
20002
80195
84596
67436
63210
3549
57069
35852
88085
10382
47251
77074
20556
97222
70115
33731
50889
87258
40097
41233
52482
17348
37612
12584
52230
37141
64253
65250
52437
3375
2251
5596
29824
3322
80291
81242
55236
48143
81713
16091
66529
48275
89510
86070
53636
44078
48709
93350
96816
28500
21406
6260
2216
43018
78727
30909
1345
94647
50202
43241
30451
38301
81876
85736
47655
43244
49146
1191
41004
30097
61263
51410
17731
6838
34919
22109
44038
74122
22422
57644
91880
11741
15785
63301
65932
58732
41492
19374
84757
22600
96250
93265
7582
58505
38897
55526
27897
12989
93762
12208
80543
30218
9120
30455
45345
93665
85610
13488
15365
29387
29935
8967
21745
42594
63483
33666
32254
57752
49061
9198
96721
1637
32536
97313
39129
20909
65194
28579
34578
97082
33375
93599
11804
60887
25892
24432
66206
43303
95019
61647
50851
76108
17666
38807
13040
67273
28955
29790
5188
16734
95090
4040
89034
15328
18258
75252
31776
56984
95582
34930
1348
42804
16115
37781
28230
77118
54304
34941
78791
43158
20845
50715
54035
92312
93470
80008
75076
23714
31065
3644
5109
31166
82246
84225
66990
7450
86644
73539
54193
15562
76990
71786
25993
93460
12063
58493
16457
61195
49758
91000
51409
5417
23574
88595
15579
55238
23968
63644
26533
14245
81828
90524
84844
61769
83085
8882
39174
56017
80578
92119
88322
77585
80324
58283
9889
24455
42844
57197
80442
89094
97451
51176
32809
14822
39062
64803
78174
70438
59326
15559
29128
7180
89626
39253
44316
78840
39405
33325
48244
52396
7321
42659
93019
55110
847
74568
52145
52204
16616
87615
95673
69854
24963
24564
64113
52676
25960
28091
91461
6929
23581
36410
75990
3185
25535
11054
38641
13791
14001
75298
49875
59804
42506
80978
2133
69670
15010
81597
74968
28702
47927
82429
85249
59737
80295
78220
9341
14904
64565
92983
80446
66539
69908
3418
34674
10070
98313
17892
2103
70976
54988
63670
30302
12707
11382
73669
31099
27220
9069
51640
21489
36755
78783
10018
91973
70815
68477
7134
87495
15099
36802
88787
2696
10681
62960
90750
33154
79130
9236
70028
88638
69383
32142
98218
49417
94009
49601
90640
33971
15228
33863
94212
14016
69668
19987
87451
34435
75519
26774
59184
38554
17860
67511
4608
8081
17594
16468
52571
11819
18426
48769
58985
45132
78285
62339
21870
8906
14190
62080
44732
79718
93207
16292
95550
65384
83826
49244
32729
95563
629
16325
24141
53673
26292
52941
37436
71910
65830
2848
71378
93212
21455
60040
67499
56090
43447
12363
59951
51283
29660
68884
52425
41517
21234
35053
44781
19247
8529
82972
8865
6649
63342
64383
6165
58917
16955
17237
46979
1376
48635
17175
29654
82996
1278
79470
53946
69306
81103
93315
19119
42066
87381
54017
51336
94312
86094
66627
68145
13695
75686
7978
16978
9652
36879
12588
86764
17718
8437
43937
83681
35400
29803
51987
71402
77609
97980
67350
19366
85315
21793
70715
10204
50122
52667
79483
60414
214
19837
40759
27826
12743
22837
66758
18087
64588
59606
4936
1249
56987
32176
51616
44843
24187
49237
50613
47011
18527
88547
43589
32638
88315
13223
29465
64574
90931
41696
65580
18606
23180
30386
38117
42143
21848
86760
4746
91410
55036
91936
10399
98327
2977
19985
69088
86625
32259
80590
90853
81948
50406
71195
86906
54037
41900
67851
95857
41039
40069
72080
51909
64797
66876
60975
78283
10970
42284
1973
50926
34659
91310
90874
16357
18139
17665
16648
58245
34124
21009
48913
83806
47433
26214
14022
69726
47994
74610
84226
94870
60823
35528
21711
79813
28620
31543
71757
56707
1803
27543
80042
83554
12277
86511
36242
30123
56268
98332
64442
89362
18908
24443
71776
36620
45797
63621
46588
33728
35182
44837
42572
12956
69491
72840
55673
14233
10639
81664
83319
89325
6399
95301
82762
51551
83758
35978
93977
94236
54812
39750
6097
40724
45327
88236
27531
71332
53193
58805
12486
33179
14245
54264
80814
82066
94941
8644
57717
47321
25392
94859
41502
59916
12517
24083
58352
96502
42527
35019
45748
52266
48188
73734
76617
64824
58404
29472
9685
26314
37217
5071
36580
80984
55036
31646
53894
88815
5986
29886
29919
16808
3893
79602
83974
42490
44505
64531
79553
47548
51267
57273
54537
56774
44201
55364
86445
63275
45443
56905
22990
87250
46876
49295
33569
52828
94780
79780
48573
54097
79327
23625
45596
29264
8642
85994
32391
74809
40681
80198
82184
83083
12595
94841
51297
14041
3584
83687
22098
81156
6877
65154
48431
54832
68632
50578
48748
11162
71101
43454
90780
54641
71231
43327
54469
38011
63818
92895
82880
43759
8471
83925
90398
20493
31890
86610
45424
40181
60278
74899
98305
23710
16341
76374
49405
83162
11596
53301
7700
59556
14881
98111
59149
64575
34644
63811
41810
27780
46308
2996
94259
59224
63263
45519
36298
91693
74540
2004
76775
9823
89305
22332
42840
235
36356
19372
15065
17594
21988
9546
78025
55433
58723
24420
57291
244
94252
20645
63800
23107
10192
56730
75528
79910
47083
91988
13748
69814
75233
17954
53216
11926
53758
85412
95652
51235
85013
87643
17997
52610
57049
68020
97754
60785
54007
79929
39192
39508
92522
60980
24245
61861
68135
72220
4291
33630
56412
5889
73418
77834
17719
75033
35457
58101
68083
41625
92692
36560
4652
20842
15841
51332
92140
37873
6260
62081
51644
7798
27771
50693
42907
13534
42561
79778
30633
67545
95173
32466
61678
83024
5060
62805
42018
22670
19076
84555
24881
83801
79808
44590
94785
13924
94994
82846
89609
89032
9352
21077
74036
46500
85688
53953
40438
81835
74503
28269
8410
98308
53889
2555
3395
51938
83385
23877
702
93420
69490
39273
19520
71949
17014
20154
2558
70900
56881
17175
90889
53798
27033
20004
68349
9150
4238
71437
23964
90013
80115
17385
22838
18553
57714
53635
41811
85826
61071
84764
50304
799
3567
16999
61592
4682
70275
22351
57864
29599
8754
13663
24726
22197
20209
21321
39500
74626
6351
76818
57139
35083
50985
91559
26719
85205
63004
86191
23390
65256
68473
20458
58465
59397
31791
46444
51028
70451
49010
83916
57907
3123
47772
7640
70963
67849
87449
48101
97883
27363
59952
78521
77741
55467
71403
26271
38140
42123
58943
57553
88393
79985
86968
18473
37323
53270
18279
48044
53043
17506
36782
4435
73837
60150
43453
39547
92095
41960
76910
41666
44007
60170
10446
77656
64575
3961
6250
39671
65835
26615
19610
64587
54822
26200
33432
14303
95211
6397
20968
59946
75427
68200
23693
49455
87352
34742
16919
8075
78267
60212
64879
74936
76799
94891
36367
57326
75014
28378
44929
86331
6685
35742
78786
3518
92904
39456
30204
47957
40940
47828
97429
46515
10423
32368
77389
3945
73842
50773
26819
45547
41595
80074
87705
38212
50705
41762
75449
54055
53965
50380
69996
48540
14546
43026
75805
75999
44329
36748
70192
63505
35934
29157
82211
82802
92401
37069
78180
66275
78256
47349
70465
15869
17542
47553
66506
57925
38296
14206
71257
18020
71296
6443
50151
36118
76634
55386
82658
42621
92705
64890
5279
82492
68626
87382
32382
29856
92983
95381
46854
16431
34001
43974
5457
69222
67282
93286
87089
31348
53321
12273
26930
32368
71402
34307
5500
67136
58871
78279
36836
77162
80970
36946
86171
70126
88940
38600
92759
70618
4558
71598
93716
46241
75633
81977
85836
94689
95928
52939
65293
4346
56496
6455
27028
12687
82571
11194
23542
89528
45472
20909
50850
43310
42932
40061
43974
88170
28829
56640
77100
17909
2929
45693
51796
89582
64729
83072
43507
52171
28207
80034
19452
51802
84085
66920
44823
18535
32919
82119
36298
55575
42871
78984
7378
33596
28651
19687
92181
20568
91695
31739
1952
22808
69136
12964
74658
27482
96769
56100
27424
26681
21586
745
73861
29896
8244
37910
18221
45891
55358
14688
97731
73772
53060
64269
57432
1244
63063
55576
95166
70987
31980
46455
81581
46105
58957
11630
40914
3327
94524
71640
76431
86173
72321
33667
14024
8197
66576
37564
79588
13268
49458
24223
69528
9042
10410
47001
13582
80077
70767
79763
95883
64013
4315
49023
93759
92946
86088
72457
39999
53265
29986
42421
29212
81029
82653
86531
61881
42997
37606
10736
62828
91372
46333
56689
3070
50889
48310
42612
82460
27382
39790
83134
1758
76036
39787
68679
84683
61332
53704
28626
34472
81788
30602
54051
62291
4051
78978
19576
14049
12462
51901
63994
49567
35091
8885
10446
18749
64172
46606
46090
42368
20590
44280
81395
44204
64770
95008
8801
8712
90824
74627
6068
45333
38466
83716
51389
8313
62084
10817
60290
91849
81988
35794
88818
47668
19112
29232
97324
59153
91105
79210
91807
76390
72527
58392
60193
93692
70041
9478
44470
32789
4623
41251
47905
68849
84552
32766
41987
20826
88694
17399
54168
12481
84782
18998
84686
32396
32891
61679
57609
85900
53314
92701
9670
4666
66795
64312
23929
53053
43979
59705
56597
26450
19066
84380
34160
80073
14196
58118
21472
95473
37076
10065
29653
68141
85433
26881
21849
31864
88985
55867
7208
73097
96661
9670
3342
70004
60811
90088
9080
48662
93483
43963
50578
81740
15114
39626
68491
73266
58160
43191
91
85966
41102
11792
94944
76887
70281
17163
20411
18116
96947
11285
89286
10740
43370
56457
39039
50298
80648
84164
30835
58977
64130
73531
71624
28007
65164
1753
9293
1515
95017
13029
65062
26984
7845
15636
51960
6233
59077
41413
81004
22152
3449
91815
30011
33518
46315
75365
68339
47587
61565
90063
93251
40672
6323
68721
5656
83416
43337
86829
11051
6734
79883
42183
14983
57742
2407
46909
9859
83409
43401
12897
21181
10240
63977
51844
50138
76414
29716
94703
54450
59459
55261
33970
43941
82498
7348
84053
71332
13358
55537
53246
76906
56493
21482
55062
91770
26897
67529
67869
73151
49472
37072
89684
80580
61425
39694
16411
32277
84486
42724
42378
79743
98459
83836
43175
89339
18646
22859
37258
487
27774
20205
89829
21386
31119
89504
12113
11911
54380
858
81550
83606
42169
47913
63616
66768
18110
4638
82513
95428
77958
31243
95333
32520
23751
33610
4957
78802
93697
38558
17481
55218
21027
85836
29659
15821
96078
33766
1585
98124
33384
49805
92852
11636
77658
23011
83912
16286
44467
46317
26620
17987
54308
39439
79275
32695
34481
61398
88973
46560
21399
1151
53371
18337
89665
49478
49165
48555
55109
43440
10345
97035
65716
44336
19750
24884
21364
19746
7350
93004
15264
59242
73784
9121
14923
14311
63811
15554
34059
62599
26979
5544
32383
26712
89993
46661
53612
41702
7350
66206
29338
18529
19711
70582
78679
11525
86449
24332
52137
4544
85019
55401
50157
93887
4335
10091
40194
92025
1146
53930
95797
67121
59035
48876
39431
93965
81453
52502
63025
44954
18946
53277
22919
26179
42794
83846
38591
71194
86050
17271
43257
50639
9609
52663
16172
33639
17104
17753
66244
20594
80413
80588
35513
35200
65143
60053
76834
53590
31425
30727
74071
77052
60301
66069
77072
97419
76071
10017
21688
15265
29382
86632
79280
93842
32199
22382
11770
93081
87482
8014
31038
72086
82037
26595
19443
33244
39316
26328
44093
53842
49120
78633
94231
16652
75595
36092
88558
29779
88639
53076
53230
53036
61996
97582
61659
54837
57164
42464
59054
62079
98011
71059
56688
5351
70611
97857
42125
33318
82033
87127
90677
56116
33059
78087
66898
24240
90598
92253
19703
52477
63656
34587
90051
81226
47790
8916
72577
88453
30792
95449
30105
18898
72093
80718
3906
70822
17203
11352
72280
5122
16824
30321
76848
135
40581
80276
83072
75499
76380
79676
6012
17753
23023
50538
16105
96010
7422
61245
34256
37799
96667
65092
92711
8070
32401
60954
87534
98478
52518
13368
1282
13251
68333
64272
98009
73985
95898
32755
66149
15462
66254
11330
82664
4260
77853
87711
77161
54040
87450
94788
94094
49494
24382
31953
65337
98504
79348
8406
90501
57623
52136
42059
88717
56332
86685
13989
2691
64472
20904
67225
69542
31859
37591
66391
10491
60525
56894
53398
88705
72676
65821
65188
34052
6211
82190
43023
46585
61183
83863
3825
70395
96752
52322
62226
8464
89504
34179
93265
55669
64766
64305
3855
97432
21378
13446
88562
23862
69619
14355
47470
77149
70807
37832
50530
60957
85728
39008
9910
88476
22957
40876
8726
16603
46166
22068
68805
62999
73493
64739
24008
6126
32506
21452
24676
80969
63730
61224
96515
43446
610
1010
61935
4227
32775
13965
60200
71736
17475
87438
91381
73365
17375
67474
93858
86215
47168
30392
24017
27813
84767
96905
97855
41228
65363
47883
39463
2348
69020
40647
36652
3596
28781
71175
50391
69395
37872
96695
2672
69093
7349
60202
82918
63739
40350
94672
95025
51940
58939
78170
94831
42194
93041
37228
17314
54213
2454
22584
7060
12058
28126
34798
37912
33235
89610
67393
75331
64990
19131
48463
89147
23097
12355
64582
17574
92106
28200
70424
65055
1779
48401
39015
54070
82312
1056
68716
79335
61464
30107
10275
82247
81940
69223
59832
55551
13760
2439
64562
89822
6101
65524
6196
7453
26773
15140
59219
21045
42372
88324
22390
20135
76982
33521
10345
3714
10483
83094
49223
45050
9766
65366
71173
67943
88703
41687
45077
70336
27925
71179
5380
75259
16447
55981
41823
1618
28906
60375
90479
33013
18605
50750
203
26436
53005
2924
6320
56428
17909
87394
18554
68955
37366
93860
72827
58507
43076
94654
9140
36588
7250
50686
54580
87517
53256
47613
45135
19119
65053
77635
53934
37838
24655
2097
34030
77906
52638
45634
41688
44537
28737
32981
64900
84417
77909
76154
51926
73710
59466
81240
90714
95942
33678
11151
42002
41526
94830
39796
6584
13181
23055
37820
33051
64278
51919
6386
53185
12110
56758
96513
61928
25631
60066
16934
98299
39452
93194
49664
76145
93642
5871
22756
4098
25836
72807
74525
85320
61590
49681
21546
59943
71235
53958
79240
51496
72643
47016
92815
9463
40472
32631
49136
48505
85287
69413
68452
73910
12392
21394
57074
5896
62166
80081
87073
67790
83022
67169
80419
38478
95182
76875
70328
3038
54630
71580
62769
85610
67822
35076
92345
59611
75948
61832
7723
50527
25643
38554
14869
81594
3506
38905
64616
87769
83906
47668
8829
55407
52715
8501
50964
38158
32227
15784
26673
51404
53453
90293
63987
65694
65525
69203
48091
6770
29326
1147
79310
3040
10063
55641
63020
7372
37412
95873
47838
20317
91630
16733
4429
47075
1189
49865
60631
83240
51188
6772
39717
5250
11717
65227
89529
52834
13823
3023
87464
26059
67831
76475
65373
89940
23868
35757
85455
72953
19084
88301
18927
19912
25084
56931
38194
95616
75751
19566
82937
36546
51974
55887
11651
58354
22682
70960
34273
66579
19339
84783
80123
478
73705
37454
12186
33838
52322
22060
57515
52794
18723
55218
13789
39970
95093
28116
26778
72401
22054
92217
81912
95415
87476
38056
29950
8527
82810
94566
57738
72445
97089
80171
81493
26439
83106
4269
30135
13462
76874
84543
26931
70450
95002
19255
72659
95202
24466
86073
20607
93027
31785
44135
87960
17293
3924
6956
15959
50309
96891
57851
29186
51588
71142
34907
56603
26383
27859
95257
1082
51841
98532
44449
63157
35328
66482
78495
65869
50568
37489
45483
68227
17025
73238
44652
82250
26688
80815
19623
73460
58048
60555
92993
48808
38905
82475
66463
23325
50160
48815
32536
90254
69130
50016
32681
65950
86364
52118
1711
39380
67314
50463
373
69698
54345
57127
86450
52390
60145
1344
4773
30377
63377
73227
4140
2001
11681
4386
87210
84984
94544
79187
57777
21651
52529
70853
21870
21362
57631
37117
74174
48635
81336
78534
19352
15360
4756
86503
3822
89320
83091
67829
75726
62321
81784
95222
55339
83977
33567
60824
72263
40747
7431
47867
67356
15044
41568
73236
69144
37095
11994
95404
37654
84294
24345
60305
6370
94305
59824
92179
46920
15510
89800
80252
85618
9709
73551
61625
89185
79688
9126
91370
59455
78256
54105
20633
38523
82019
19774
67959
71088
287
43974
4028
61237
46083
48016
51586
8805
90873
27618
66235
7774
27127
94177
54385
33518
68043
61792
91579
37241
82564
73995
58505
95871
76635
19765
48529
79086
22304
93420
97708
26353
18702
6370
91580
85981
74793
479
40177
72364
80888
95420
16687
48018
88739
59782
52212
1251
31639
78276
75848
608
68999
43921
46668
61202
10765
87871
10161
36561
55868
60367
13299
76512
9401
23855
41060
46101
76766
63500
61849
10141
64306
59397
72424
12175
56297
27894
62336
1390
88212
38961
30090
56297
15751
87573
36763
73183
58485
32860
47271
5315
42355
13073
40836
55223
354
10121
39922
57043
96722
92020
96908
37158
89871
19574
48968
40638
4598
82713
51449
21914
61321
65186
25179
48769
93223
17495
39354
53222
49553
91096
17407
65082
50640
5267
85895
57664
48486
28870
59684
12193
92877
96780
70614
50296
3742
62372
26116
83661
85206
836
57160
40165
29651
69201
59645
43561
49829
1281
48868
93908
51785
30388
58430
12921
45640
19082
11325
80404
73901
83289
4872
44867
63999
76438
83184
39205
42371
12852
66842
16146
78090
56401
29127
67841
53143
33806
385
88373
55815
74508
60820
98330
25009
5086
52989
57881
34433
36083
43384
58063
83083
51961
66732
32120
92990
62409
28131
20163
37611
44998
17844
87352
45349
54713
27110
47327
65147
53470
64006
92992
34126
14660
17930
41032
38426
33918
25447
9001
42468
67240
12477
39717
75594
84560
57185
20917
53627
12064
77479
30725
37345
96353
92260
8619
54488
65260
28969
57595
39449
75887
9323
43089
67740
936
1795
48990
3609
46300
2527
68438
63874
88803
33675
89835
14499
40103
35800
77855
2427
46830
20954
4709
24248
45929
71945
68227
43152
79851
50911
54798
84777
89559
28284
20302
34960
16392
19819
44311
16169
77189
18030
53771
27448
2752
40776
19833
7750
19741
48917
75124
37154
92516
24174
50316
42607
63898
68056
70443
1190
6291
71495
76933
69356
98471
33033
95938
34799
78555
303
68918
71618
83072
71257
54874
60872
9772
96135
68837
33256
45775
12741
72164
10204
84865
33239
56383
1452
46661
66364
24912
57470
13366
81925
35484
56176
11673
2307
58579
5403
19933
71498
21837
68689
53232
28409
25919
21019
6409
81974
39208
4905
24191
11099
39055
13836
27015
12641
33489
81155
23464
7522
46225
59227
83067
8583
11691
73728
60860
23603
39278
77552
54621
41094
43464
5714
90360
67222
93699
34510
42055
73156
75213
25571
17605
43922
91470
26415
73623
94003
30869
46428
90454
97599
8039
72518
67734
70181
33143
82668
67492
11964
57091
7762
93392
16475
23255
64371
33264
19431
65362
81239
27688
1937
55569
51536
51555
26398
62253
27131
33154
54468
72245
28144
1903
40230
63209
60626
41450
29789
75047
27765
72808
61048
94707
8010
89157
51866
5957
33337
42635
92225
91658
50782
80072
77919
52989
27859
61985
62759
43356
72525
10186
28861
25573
51615
9877
13710
76347
41025
31725
79690
87944
51933
43049
78073
25181
384
26290
38396
42023
43765
85546
20200
61397
18687
95940
27608
11508
37158
24774
66010
24834
23083
60956
10603
80379
92204
92177
36830
20109
89231
59159
42837
17086
11187
93769
10084
10448
85590
69345
7161
8861
53877
10765
16261
1357
30433
92400
37216
55982
74089
59054
53483
87738
87701
50916
77059
91527
49966
30964
24193
97402
70463
10704
53867
67309
29941
62802
45594
68686
69248
79
92060
56403
27107
42390
21655
74205
77885
59061
58523
49491
72330
71238
62437
85760
10760
8340
58981
13320
28321
18154
10617
32255
20960
12207
14896
58603
31564
11116
233
56023
6912
93198
61069
55983
87909
25983
43077
37518
89464
26891
58216
33412
59086
7768
53987
9241
27013
89994
86756
77702
98175
75534
36738
1604
63558
29764
60565
27182
28664
73345
11262
93476
7551
37296
11589
86301
13559
59564
19926
96412
40177
36509
88882
67751
89282
96876
2078
50727
49120
70498
937
44470
89132
64322
95263
13364
71640
53855
60246
25791
83092
26866
32922
47871
72341
1937
92973
44834
78498
55600
90101
82144
29973
2645
32666
97808
48773
15237
89905
87006
19583
58595
76730
70506
76237
14942
26086
19282
91212
2690
66114
90350
80505
38613
17319
50137
81895
12878
2912
15858
83000
13286
92252
2355
9243
87782
83795
29209
51294
78804
18898
61163
65409
80974
65761
21414
15937
40288
47946
24036
80542
97965
13217
56657
5751
32028
48940
34195
11612
78682
59713
41612
51840
78640
71484
74114
98061
95620
20683
2280
36623
97279
96528
93419
49251
74784
8938
97772
27683
60750
671
73918
40254
52949
41753
47774
28836
28341
32792
58869
76545
79940
86505
69382
59627
13543
31018
62685
23810
81855
65131
65168
55133
90826
9972
65410
11100
94344
70412
86533
12470
34556
29290
84292
59905
68250
73329
53704
67960
91098
16404
24695
10029
36295
95353
29961
15408
95673
59691
38346
8993
86236
67843
97878
77644
68618
38279
43232
12765
75220
87658
69868
24622
70006
62564
30143
68749
56755
71691
6306
77971
78732
33360
48928
95856
29573
15285
90394
92544
63847
26547
20933
82888
76911
262
43152
11487
86540
44163
95850
52574
65500
45900
19783
13363
1208
16258
85030
44052
65618
40911
57840
30007
93540
23692
41127
86805
41017
23442
65862
57168
71855
92301
67084
95457
90128
498
62311
96830
13837
85706
47655
18032
31051
69886
46689
36339
49705
54663
30654
1028
63968
7975
5764
96505
68150
13790
48706
55965
94594
45474
88671
3429
57888
49210
52497
70950
62011
80164
60826
81724
34867
58825
63691
47324
21232
77259
83396
83392
81537
6434
56814
22052
63340
45522
35841
92727
41959
85037
75974
61690
4698
62981
19748
92322
79264
81899
34686
78568
13482
87010
47392
54449
83242
6001
42554
69971
27150
16874
84265
74665
83407
87526
96724
74396
40746
11597
76457
30738
11614
54396
16019
5313
92486
52974
7613
60040
8853
6706
78127
61580
37427
2562
93856
80551
41242
7175
73998
60413
11996
83344
96408
19000
15696
74881
49538
95649
92748
7452
35638
6916
76598
12248
9584
61749
1544
5686
97495
20782
19159
4939
12462
36441
91199
61673
64339
70495
23003
54499
17348
79273
59295
70826
92398
42278
37933
44632
33274
51038
11213
21612
60605
42088
68743
38246
72622
79519
55391
60223
67469
22745
65477
57799
20014
14799
49538
48289
36305
54420
20579
47736
16841
37774
1088
80592
15280
58939
91801
17866
93524
82397
86250
35334
14332
21352
36547
76398
65900
18192
22346
67422
27855
9871
1280
35529
7124
11417
41345
35438
48378
37655
47407
44015
60484
23841
80726
38966
52262
58854
18832
28796
41756
55307
38270
45394
81543
23038
371
58254
13195
88209
80766
48593
68644
15074
65228
31487
82766
6984
4297
66689
20323
75590
38809
1638
88967
27159
45558
56752
39850
50759
77226
89432
86596
82744
84847
61898
72000
85818
29609
52876
70352
19227
91603
39917
54565
82773
31210
37681
97496
46076
20025
57051
37414
80472
8747
30886
28443
66401
91623
85313
18765
40263
12890
65998
21796
5883
77923
77159
92117
3284
77776
29157
30321
55135
93728
30093
41158
82806
70653
38811
30899
86957
18787
61675
63417
82788
92907
19109
91349
19186
82423
50437
26105
93793
69299
50454
34060
16696
29098
68188
28101
57860
60230
73396
29345
30472
39153
77661
64021
72353
95787
90107
9125
29850
46829
48328
11211
55911
71590
59997
48274
90769
5301
16932
28970
34230
72226
65933
10536
17362
28518
88142
70046
54330
56171
47435
84481
72895
1641
89894
45403
7779
8949
51221
86518
81758
2130
25790
14260
52141
12157
2963
71430
35968
5203
72774
4515
19701
62800
46119
24943
51950
28630
5396
85037
41152
91875
3708
18947
59963
79432
69707
60636
360
77668
9887
38973
20844
44651
42099
77998
57994
86206
19271
48531
49457
26838
39422
65513
36598
85672
40904
23905
87545
66652
19516
5281
94835
12568
3441
89759
17858
69552
61240
84182
82940
50388
72079
46574
39728
58655
83697
68675
35836
4692
6085
51751
74112
2314
50842
68044
79325
29205
55059
64362
633
48667
31572
61427
50019
37336
22354
46712
7198
13528
83287
94382
45205
29144
10789
37779
27650
64858
55829
44141
22009
30498
9505
98390
30344
71131
66501
88921
6913
65276
80249
32787
7899
36043
74890
17404
65169
12226
66807
13762
39256
13289
29824
73688
10851
96756
49923
50568
46406
68295
2713
82907
52723
48713
8163
94238
14691
81597
94761
76785
21663
86324
60925
15080
59652
68787
17496
37920
46620
64656
72125
42588
56263
4735
19148
30829
41886
74834
36298
81829
46557
53637
9077
32252
7256
62252
58510
85883
64549
42633
2023
81882
65825
14053
7544
82182
30465
9957
86508
30949
18109
15104
88808
90353
95189
11903
78717
33205
27212
47604
57827
18641
79241
82805
34792
85315
15821
20212
92784
33482
78759
42861
9932
90944
89071
63745
84774
35434
18707
96091
12117
1907
62188
54172
81795
49305
39864
5379
66452
15054
77833
54266
23764
61630
84040
6595
84047
81707
94730
41210
52212
55214
63437
84841
16705
94023
32945
34090
77156
51929
26649
33275
93260
69362
10993
52649
75711
16799
54077
82411
39118
90976
31622
8899
80854
15092
34473
26966
62863
53724
69172
11830
12215
8220
33838
61859
980
65761
32532
38000
92414
30689
47786
76504
44829
88653
42376
16436
79876
27382
12714
51315
97707
48299
18602
68303
10580
97535
29216
86802
74552
53457
42333
1954
25151
79737
15562
9250
83951
31062
57045
94405
41997
98317
66062
42698
73248
98171
68119
66511
35543
25920
42413
90947
40163
29509
43008
63486
15738
96601
8770
64659
56185
91162
43275
35091
42246
74147
78212
88659
66076
68153
65729
56840
84981
26339
24895
68983
91023
97340
65036
27575
97476
79512
21948
28346
84249
86534
37334
10084
71919
59948
1316
82051
82052
31391
50161
49073
52853
68903
79873
31644
61109
72918
6535
36519
1602
46443
14793
65205
42201
62090
33318
68769
47269
63245
72297
24343
51293
59759
41902
81213
4512
85670
98518
76772
21225
86826
77551
43164
43897
58132
27522
77752
32039
54256
37288
87150
76207
74464
7352
84446
20652
52357
85607
8737
38121
37998
66981
91715
6382
3278
92170
53903
79963
75777
90533
55302
43851
22662
48823
66974
95488
17244
59475
14785
73649
75523
62014
21424
11837
12370
8188
74919
23823
966
34194
68706
92749
43342
88460
16534
811
26833
84878
37243
65515
2611
67283
19689
2761
28437
16655
44472
90049
95256
87851
25140
81242
65039
67327
14817
37233
7093
20539
15929
67676
37585
28636
95086
520
81168
68980
89377
94818
26870
84299
9776
49519
56559
3261
31941
33633
30817
97119
18103
60184
72980
77961
62833
6309
52987
12733
21544
24825
93223
43893
49600
94581
7374
52329
91858
93014
29780
21974
75988
43473
67746
45317
36642
85819
83367
22051
14237
18637
88899
28214
74841
11061
75748
96371
86995
24051
77498
17674
10000
84488
20521
41338
75446
5932
15321
8319
68908
52977
23044
44427
74392
55154
16051
37704
74051
33831
68880
47295
76279
69185
18460
92114
13486
14742
16317
16887
71976
40550
42314
62850
47963
78167
6021
94286
76859
28800
35228
44564
65050
64002
17318
19705
93871
48343
354
61960
72493
12380
1411
20924
54882
50741
21573
19133
1649
24511
91902
32139
62467
25265
684
70647
19290
14028
91971
16819
36326
17490
63491
47580
41600
90382
62065
25245
60164
1603
73942
74562
94990
43390
63897
23438
65312
6506
1734
6940
47065
13466
68978
17049
53812
45173
62849
21737
87804
58441
35321
10114
27069
24177
79101
71847
73445
11430
47472
4901
47087
68301
80251
53509
50543
24691
36099
31504
93200
46371
24352
39804
71687
42183
93660
15010
55733
89911
16303
15142
2307
80767
39110
37739
90443
3908
76032
80233
65551
57585
8813
76038
140
47532
75371
86886
23969
28771
10513
37714
26081
30963
95105
60638
39560
83703
50422
9043
60168
10851
35481
30704
42582
35812
18370
49132
3957
19788
55891
48268
5793
23567
11664
75208
44980
58268
62337
67117
93128
16566
89123
2722
64404
13386
26213
56542
96242
71273
65869
98020
24217
86488
64751
87660
7059
50402
41452
64637
24318
14108
3528
58016
17542
27979
25226
74495
97610
92562
25021
46667
78994
4345
30610
10992
93601
21908
23883
67179
72731
30954
92281
60667
31105
33793
57419
85355
65511
78342
45690
3260
86689
9821
8357
26145
29624
60200
4670
39530
20291
76655
45345
55228
39974
79939
89299
76945
26270
51722
21778
74561
3761
7110
19353
17070
7349
17712
43559
12054
52926
96174
55838
30221
5353
78064
91694
83337
41454
91686
17640
75184
16117
98003
65627
51947
70218
31734
8313
55425
39830
43160
85581
30238
89622
64341
18058
2295
14436
25454
17347
33621
5499
92138
39338
20560
52921
74409
85066
88985
77290
64173
51899
12106
41562
60129
86857
55900
67856
68930
9849
87494
76394
95338
39181
7556
18568
45583
83857
7406
61114
73152
5377
48220
68068
76169
43412
13224
57408
71971
77032
15574
42436
3844
12510
55910
12331
7873
3661
14807
20053
10437
34076
92987
17763
39743
29695
47318
78430
29140
3120
69495
10370
36216
77044
30342
56983
43702
74840
91080
9102
97094
26423
37338
88375
43365
12110
5087
35334
72310
66636
44400
10508
37159
30048
79986
77365
56260
35346
56928
11177
96005
15077
13619
22384
86576
17995
28443
76236
83031
19628
98252
56781
77921
36710
23384
381
9328
86329
51663
55072
78902
90503
29951
58843
45352
11374
35412
88259
91549
7637
55988
72004
67619
24229
56905
97116
70119
90742
12802
41467
16889
19391
87363
77561
20475
53861
34932
20481
40837
44127
39705
87351
684
84554
30257
12677
48257
76228
58766
74416
10465
53407
61103
41152
62827
62943
81039
18119
73344
54125
61705
26205
88502
43861
69881
229
47744
47361
24870
64846
35884
33381
66375
76379
94396
14755
52008
16403
94313
17083
50943
16438
98297
2602
84323
2248
45437
94949
54503
55196
51316
24745
8343
59899
64064
56984
22276
69671
68727
15901
39947
93200
95267
16784
66544
78888
87933
38378
21817
97780
11139
76826
85709
24936
96827
62678
5617
37911
88337
4863
59460
48028
62351
7928
37224
78213
43164
72237
57427
68927
76573
43612
52269
63347
16468
82784
12763
37355
874
58683
35020
34278
10749
77250
38719
97427
23237
89523
83879
7419
6419
52326
65906
72910
39549
94326
22777
65081
33364
93859
22689
16560
98505
61618
23693
94555
29476
59103
59314
63801
30939
57254
57142
57694
42322
77045
94287
16630
18397
73853
54407
61254
76857
21632
53562
36131
93571
83409
95558
83923
34500
73622
21661
80529
68659
78817
96896
78118
24397
42461
61346
72190
31155
97679
93779
46297
83259
65412
63288
79391
75839
61668
15125
37965
34860
21798
6313
91233
74966
79218
49323
35997
54410
41720
3187
79108
57293
65246
1239
63754
7172
86186
15277
87036
95235
26966
65686
56271
85211
8799
64943
82950
67645
54600
62058
44645
88726
75066
92683
36585
6029
47115
55318
32331
74082
47057
85663
36787
18913
45601
79555
16325
38823
81919
68239
869
27201
83114
3948
19292
97517
68607
35010
8002
49213
23020
75726
15610
82001
24800
4080
11948
90650
91459
28588
54018
58213
73491
85010
19215
47904
41786
66980
67180
48535
55197
7696
56768
86758
45446
21640
12220
47526
29154
49472
68612
14339
77485
37886
43615
19058
48354
98363
45853
86381
29435
93004
19902
50639
92737
56164
17504
50382
40352
2879
34522
43327
49743
33494
12763
57844
10656
20219
89117
48498
20483
22900
42685
56951
26327
88467
91009
28585
46931
58211
68863
24936
40942
453
83574
24622
75571
35201
6533
42295
45162
9606
58900
55154
95850
39919
73412
30448
30156
2688
624
92946
91369
24875
42154
47387
73226
87261
39525
14999
65297
58009
20348
96404
80024
71711
74128
73892
76049
59665
47203
27912
6932
97804
65096
38953
3101
66211
78044
35659
4253
30944
13806
19361
60192
93425
91648
86169
60926
12682
36083
35257
9783
42352
71065
30443
57546
92776
7207
82971
88625
40537
79632
39277
36022
2925
67832
8654
14118
22145
92458
151
37437
74501
67139
60141
40655
86061
9636
32859
58905
65920
9354
83828
68808
27244
69137
85350
11494
76326
62941
67858
76455
84980
52286
60491
87198
15519
58603
93335
91197
98397
35611
16443
64626
96521
659
81819
44768
16745
50770
86583
14945
90365
11322
54815
21977
76432
32073
55359
67699
93751
84493
49455
67122
37288
77861
23674
69455
17347
63107
4754
56491
50507
51678
25585
1658
19069
80768
48346
83513
64834
2915
33171
11716
84509
92648
76257
26081
48222
71600
57523
45726
79894
93468
38674
44678
9804
66972
17385
63194
14501
36601
53894
84642
18616
64913
28803
52149
7604
50712
44269
92251
34324
67108
39140
79620
32837
25201
52429
50424
96835
92447
12425
93482
73807
18709
85307
23191
29947
16603
87089
9438
62641
2864
57570
1648
57459
45059
74338
47900
46604
82364
85113
35551
97699
8948
20554
97692
64233
21961
42829
52692
82698
96433
63911
13015
52391
87698
93933
41785
22373
91838
96979
63792
11144
72759
65186
75347
36799
27150
12930
38749
51989
66120
84332
45180
40395
32872
15729
24359
1959
43186
80152
34574
67190
26147
24185
94346
84757
40795
79918
77130
12964
85161
50223
6978
76112
16283
31590
97530
7245
32177
72346
88473
46899
80708
98406
24424
28763
31531
86917
11434
82470
28223
23160
23665
68914
25565
97844
64185
94456
28058
62767
70179
31270
52432
97596
62789
71823
27980
81282
23405
15088
47225
17691
43054
32245
46712
77450
34705
12485
42901
73149
37877
824
35587
21694
5857
8404
80549
29393
93827
60864
2217
57308
72851
13454
27952
38715
32552
32155
46773
2392
90923
32574
8705
921
5977
59549
32914
16817
920
18672
3520
94299
24828
9033
83584
12112
43380
71178
73756
41008
20164
85833
71897
328
74159
88215
25115
62353
18103
72205
55818
29580
37903
32950
54565
89845
57162
76304
29338
59342
13644
9535
16650
23756
91669
5507
82761
22834
59289
50344
92333
95670
10954
78920
17244
50648
15313
63249
69168
80452
86914
64615
24847
98167
17526
41846
78839
55237
35082
42020
36104
46026
28247
90834
23093
49002
43324
18424
35088
2382
65570
80810
60642
14755
61481
25730
67348
32967
96537
91992
56230
57257
12605
89364
72118
49233
41284
15942
14322
13594
10256
74046
12066
28025
66609
79661
30604
91827
63064
50610
57046
78295
3646
53866
8538
74568
28528
29514
27978
25351
35400
7498
92274
42333
81876
28666
26659
43445
4438
49502
64472
68211
22818
67157
582
93402
57621
77374
22316
70843
61243
53985
38622
97830
40120
39824
85178
24162
23926
97734
42342
53014
5554
1413
45357
78110
43028
96169
22390
35202
63442
17878
44930
58839
75648
34347
43402
84241
40040
11253
22976
23061
81273
89777
36054
91626
65375
21767
78033
7726
97476
96718
75155
92935
27631
52361
89273
75437
84341
18195
81347
75956
48899
80139
86451
62351
24446
38993
18441
57694
13157
78451
55438
79399
11658
75423
57381
96776
18616
40030
63724
91865
83906
84287
81748
34944
94121
60912
2434
15019
62473
47416
45989
28395
44641
7868
65396
23726
35397
35914
89760
53452
94485
67231
66550
92763
89063
28567
41664
17675
82286
81598
59006
42849
74772
49687
31920
65042
48423
10124
18724
97720
29327
48532
6176
20981
87170
23128
2102
95191
63713
83108
60253
470
79475
87534
69591
92548
84630
47398
24220
31717
15432
93148
5643
68203
10682
18588
78385
91135
85542
11211
62707
16837
55429
85872
10662
38599
85561
50729
93736
39922
93721
14031
14998
22197
79845
54634
45854
75809
34420
42536
95690
85362
60948
21060
15663
4235
12210
29737
14349
14177
68865
36928
25878
2017
84444
33068
89114
46750
94728
91833
24452
42610
14047
49334
7499
84176
61114
13638
793
11156
90208
96058
79924
70317
62763
25505
97151
36329
94947
40158
60152
6631
52457
19967
570
41424
86959
29303
23202
1290
13939
44365
95911
94953
12139
38785
87736
20470
62636
83558
76077
24313
46644
16720
39059
60013
4781
54522
71305
89835
28973
81123
95039
16076
96855
28623
87492
3770
56949
69259
34714
89530
2804
87976
40598
36147
81996
63539
65094
66215
86782
95422
79738
97750
44673
84527
77462
35651
84330
97497
72369
44652
47631
50680
62714
80971
3027
1124
40313
86480
55347
18619
7751
52608
65133
31259
24467
75089
71870
41130
78415
4376
12226
33321
97321
74959
39451
48760
33064
91468
83230
83090
27519
81155
32450
12882
10658
46381
27666
59251
23919
65568
26415
41387
41084
90457
83556
29039
28787
43761
35211
88015
15925
61472
45416
3194
65014
57087
72271
84940
22930
1182
27840
80766
93307
22085
55365
76701
26531
50775
89135
56290
87482
58902
16622
41895
91663
83025
37189
41266
22163
432
49315
73693
40798
58735
43559
70819
17400
14843
50149
89709
29010
23330
98282
84281
32169
94748
58061
62212
145
83211
90556
36274
5618
85952
82297
34626
56935
73987
57545
28683
37850
48419
41138
48651
27314
23971
89404
95916
45241
3730
26029
63892
42715
36161
20621
24871
22615
16293
53292
85445
42327
19665
98066
73943
13469
64235
89112
41492
58265
3523
47225
79528
15883
66442
33121
96143
14742
85564
463
28174
42947
54493
62760
83568
71018
26104
39154
42116
74684
48611
21125
52096
83103
90045
86082
18547
26500
30418
92282
62991
72937
76500
84590
90249
20181
61054
3285
80933
90939
63705
77482
27608
28160
15704
50014
34452
57109
91654
9289
87581
93430
11960
29301
78931
68121
22151
77749
70989
50349
11433
37115
51607
13047
24188
97192
20489
25455
97329
18155
94974
56076
63213
72494
78034
56611
41357
86513
64549
92475
93984
96384
48670
21287
53385
45841
82765
49734
22935
87994
75104
31804
79091
32976
86360
92940
77576
92947
53453
62661
44059
50360
27210
18938
82784
46432
71951
71664
89767
64927
71279
31283
67215
29795
45495
31254
24699
52407
91937
1313
15779
42430
70557
23978
52616
38632
67423
14599
63496
38384
90698
56846
79834
93274
58702
47320
7331
40020
72611
13046
94008
3798
27967
49752
46783
2757
11565
18175
66910
66899
73175
56418
10434
49820
70811
5123
83528
82765
96534
24703
31437
20056
54583
44735
61879
9692
72766
56626
4156
6982
53409
68106
92183
50342
62330
35696
40508
93578
9216
34558
27547
65570
46094
58971
85967
34924
25271
17818
62430
17965
70163
22038
18493
94067
51521
92331
15564
74034
44709
95674
75559
71739
57882
40019
95049
42505
84933
21303
37898
49815
40896
9064
19257
23161
88105
41891
58899
445
18971
44146
98096
23701
46381
63762
46214
54976
44990
95587
65579
25024
67719
26468
53397
28297
85119
40131
1756
25527
46414
26222
92999
271
75028
65891
63944
1830
14209
68427
84580
17660
18168
49005
6727
53016
1527
50094
18029
91635
73903
24241
25962
14981
52235
62228
55745
79747
57613
33732
75547
20805
53998
30003
3109
41183
43323
43824
3025
24369
25409
22007
92231
92413
49544
94919
14606
49228
39507
10315
79042
74874
24895
65159
32070
46871
37303
94137
87752
56124
1792
22147
51016
77515
41742
11058
42977
24793
55518
27528
7851
8126
78249
11471
569
25757
997
88705
10068
19944
56684
74267
66316
75779
73006
48710
38824
93283
46578
66017
85864
59980
26868
57633
14061
72766
12111
27703
56599
610
75316
31640
77074
21986
92123
12740
27380
46045
54894
6624
30059
36194
84607
71994
84032
38887
28874
75993
88082
25649
19571
3477
38162
62342
54858
24656
28303
27248
23024
80283
4780
93756
56326
34690
62731
20967
89885
72251
28263
11049
54851
56728
55723
33895
31271
29840
32586
78552
68564
47983
47767
37191
48769
51544
10899
89006
48794
29768
25577
58462
67911
81881
89510
68368
17393
65079
29287
89243
53182
60105
27322
73722
37376
87462
31521
85348
300
1283
29560
87814
80336
64938
16738
53530
66227
18770
24957
94029
86972
18204
10894
48602
51275
625
2433
97202
69758
40422
64703
285
46882
90934
4628
75641
93156
18019
6049
38058
24939
140
65999
60162
53909
43884
5247
95883
98381
6730
24807
48210
90197
73551
71923
57774
23563
86302
17631
4559
64341
92643
38552
15980
38868
88670
94979
22150
32685
59314
34213
71832
45935
46076
29807
21292
91996
14896
35644
58124
91805
47422
88133
65694
70040
90605
38480
91193
64433
91785
6927
31050
80040
35903
22735
9474
94088
48778
39258
94528
56823
34752
71838
15101
53973
9029
95869
45725
10045
5363
43990
9099
89785
20124
85055
81947
8336
52390
10961
37846
56223
26226
87606
67643
98078
9636
23507
10147
1195
92855
50223
41487
24583
56773
42471
82724
57504
41584
48213
47592
52904
26152
9790
18443
97554
30918
23376
50398
87559
49790
12106
60618
97960
18591
44828
64845
4729
74940
5893
11846
75492
58716
29920
63789
9968
87131
23438
86565
66577
93493
10534
75502
7791
34556
26526
47772
1879
11941
11247
13373
22379
75900
46537
11407
11779
59737
28226
13741
38559
25538
80956
79646
33521
58138
41671
6298
58495
39587
42877
87831
67962
79174
30130
58841
39888
78195
23035
83549
41827
71429
54326
51114
94287
65338
54263
32323
3286
62479
90098
76224
69397
31367
52165
97406
32727
66227
34970
87816
11419
65621
18136
48440
51886
72033
37547
57222
11111
91280
95800
46600
57743
30932
9430
26146
54239
35531
10938
80098
36185
72628
48281
29515
88768
15309
87940
71000
42758
43378
38912
66721
60062
8089
70102
11710
40821
26627
42076
57254
15918
56644
74206
45594
61232
57551
46811
77992
52831
68947
26974
82997
75693
28138
67211
97862
75594
86839
31028
8146
48768
47068
51161
52734
11291
98447
72619
13421
41498
29042
58909
66427
38246
94914
30142
83551
91839
69126
20542
64859
76678
82003
6031
39314
67707
62948
66585
2430
10290
16547
2427
42540
9872
84814
83287
80868
40196
87431
68907
51756
53217
60846
24783
18196
97390
47673
83754
60670
22522
82012
23355
55660
21444
73671
21008
54667
32322
19477
9072
74425
31569
85796
73063
13099
53778
17780
91224
54355
78460
1481
12338
56338
30436
7823
72315
51362
31650
82077
75063
10813
80924
47210
62161
89267
16798
53118
6054
37959
59523
43688
65326
96924
81747
93871
72656
8416
68905
91134
1685
55248
83522
78215
71520
29227
9294
30475
740
10556
35544
24048
1318
59000
18030
45212
4254
68490
64298
92644
54892
78835
91417
48230
47933
59524
12441
44853
7991
17750
43272
71907
56425
4768
18447
43572
75138
29873
74194
2804
58685
89037
58311
43146
58531
58147
81890
90965
35258
5092
74115
62789
81408
67954
94262
82867
74644
76663
16536
6393
22814
33968
27854
20678
36106
63836
43837
93300
67251
8367
42135
15970
325
13338
32849
53099
55224
84964
67623
13189
40354
2388
63965
42655
89252
16686
25906
86187
47522
86408
9702
26039
43945
50783
73183
47760
89685
64832
15810
9379
66370
47038
98034
60280
72740
65608
43427
75421
49711
57660
38364
70153
53498
4363
96618
29052
55531
76214
60684
49729
20988
60290
46312
71232
33045
17262
45965
96391
48039
76923
45718
62074
5576
4387
31184
10017
72815
41149
68885
92264
63822
87793
68786
22323
31810
40439
97893
44999
6917
66792
78054
80693
29313
20708
92081
45709
62691
1574
32673
38853
84867
27759
62220
76011
36211
36563
95137
91207
19222
66117
60758
23508
17079
97461
11392
26828
12264
68247
50499
74001
14553
12740
34387
33835
7232
25938
45831
70620
83923
24792
44690
79297
18760
48870
79725
46819
3593
56945
68933
29701
79630
50600
80013
18323
11229
57039
55029
24625
4117
19464
80657
24334
8016
37112
52753
45220
9196
83715
48870
44166
76681
27445
61812
39757
868
49620
54550
40077
22197
38245
63748
85106
23383
73365
38182
8961
56833
87855
90220
20217
18993
92990
7627
11247
78239
5721
11363
51300
30726
92407
3362
63266
91389
57751
70832
18171
24329
37142
26408
74678
98113
50902
52192
17237
16559
77005
81289
84698
41333
80181
32303
56960
42747
56291
95042
80556
38325
85935
90308
5966
98432
9988
85219
46798
24454
71260
79000
33073
29663
29795
4444
34038
21021
52227
17098
41349
2834
65243
17964
29689
69433
849
53681
30801
76581
50879
55018
58146
24940
17807
34124
75683
95038
30177
26806
8522
39557
59611
75617
72109
58247
41414
52158
51720
41792
47810
43418
50957
31366
49528
62643
2162
32895
87555
66750
59626
94157
95369
82268
27268
70766
17274
60233
66498
13299
27825
96930
130
96278
90200
5842
96018
38977
70177
26245
55552
8503
98377
41972
61096
15835
80528
8785
2335
50058
95526
66179
37019
91318
83751
6803
56235
26098
8354
18480
50989
22214
91293
54889
5892
19654
90784
70227
94621
69775
84293
27748
98455
63233
8268
86838
48225
34434
28069
42300
97649
1566
15114
95347
65331
41073
94143
18329
15549
40253
70769
46438
26987
47794
45435
46993
63946
75726
66640
37919
50037
49816
65932
71729
19075
13066
67105
17629
55171
6974
91184
93099
75972
50371
68458
6497
76721
83405
53518
47964
55229
10172
12005
56395
31110
96125
25537
33319
10931
2950
96557
48883
75965
19198
62573
66776
52204
67177
52992
95572
12613
75479
66790
93028
80223
74433
90769
52619
23177
32472
36204
70770
85449
98523
33020
82384
15207
96274
85421
17102
50565
60699
86303
20279
90314
54718
28944
33655
30371
14842
87325
47762
81638
43044
54445
68326
98076
33635
88679
22774
53051
79570
20099
34008
98101
57613
35782
1667
96472
7509
62081
72045
58972
50244
25656
13604
70426
48592
34256
69507
10272
77144
97343
14628
867
50807
43353
32254
80249
33140
94178
20455
73226
6353
57690
12031
2614
70155
55387
69955
51935
25305
34386
50139
55085
54810
41809
21039
56652
90145
15751
85008
8360
59670
76639
68239
11053
17696
50913
72088
84571
25643
69441
14237
81481
36031
93118
88989
19670
30443
83908
39251
85937
61084
97348
71498
31452
37597
98241
49412
35811
35787
20254
21259
96541
62672
26921
29682
29358
47607
74094
10452
20446
59235
18247
30769
50833
27056
7522
62286
17648
3164
73343
51031
39656
27243
94464
18079
93065
55071
39348
56043
42457
42224
44038
52989
69094
34460
66614
22160
83271
62656
30052
51002
93581
3419
33182
20039
36382
15072
89540
60792
24699
90881
46216
95960
96123
$