0
796
1
310
2
304
3
678
4
253
5
403
6
220
7
346
8
621
9
660
10
753
11
773
12
748
13
390
14
476
15
754
16
469
17
765
18
329
19
631
20
525
21
778
22
354
23
632
24
766
25
458
26
161
27
511
28
674
29
512
30
338
31
568
32
701
33
348
34
522
35
370
36
560
37
659
38
172
39
175
40
137
41
319
42
592
43
661
44
173
45
609
46
479
47
334
48
319
49
566
50
147
51
519
52
213
53
448
54
635
55
481
56
322
57
306
58
650
59
781
60
376
61
203
62
557
63
340
64
452
65
367
66
183
67
710
68
390
69
197
70
335
71
708
72
739
73
332
74
383
75
584
76
599
77
715
78
256
79
629
80
485
81
180
82
290
83
187
84
724
85
490
86
650
87
594
88
533
89
753
90
337
91
610
92
351
93
594
94
492
95
719
96
169
97
305
98
441
99
231
100
243
101
369
102
741
103
626
104
740
105
753
106
412
107
791
108
457
109
602
110
633
111
702
112
637
113
563
114
421
115
499
116
389
117
381
118
484
119
468
120
652
121
310
122
641
123
179
124
455
125
626
126
203
127
459
128
586
129
175
130
211
131
320
132
729
133
191
134
319
135
170
136
728
137
753
138
488
139
389
140
439
141
149
142
266
143
673
144
775
145
570
146
451
147
393
148
370
149
680
150
798
151
180
152
778
153
731
154
342
155
597
156
305
157
460
158
163
159
489
160
233
161
280
162
515
163
673
164
748
165
433
166
270
167
407
168
154
169
567
170
189
171
697
172
775
173
275
174
506
175
558
176
702
177
246
178
365
179
584
180
379
181
573
182
680
183
751
184
659
185
553
186
472
187
171
188
483
189
662
190
369
191
174
192
229
193
286
194
470
195
605
196
525
197
619
198
544
199
387
200
563
201
270
202
630
203
227
204
727
205
439
206
462
207
216
208
481
209
177
210
455
211
397
212
170
213
668
214
478
215
523
216
353
217
650
218
200
219
634
220
513
221
518
222
550
223
620
224
539
225
528
226
744
227
356
228
717
229
367
230
405
231
355
232
529
233
739
234
583
235
704
236
342
237
587
238
273
239
143
240
511
241
230
242
780
243
689
244
733
245
543
246
333
247
466
248
345
249
729
250
492
251
745
252
394
253
336
254
191
255
163
256
440
257
702
258
407
259
371
260
496
261
247
262
463
263
429
264
428
265
392
266
375
267
265
268
729
269
418
270
530
271
765
272
645
273
762
274
300
275
381
276
549
277
568
278
356
279
269
280
282
281
470
282
792
283
281
284
232
285
354
286
439
287
239
288
718
289
273
290
270
291
419
292
380
293
292
294
501
295
265
296
759
297
636
298
607
299
668
300
324
301
626
302
180
303
179
304
698
305
274
306
564
307
403
308
566
309
380
310
485
311
428
312
362
313
277
314
149
315
519
316
779
317
217
318
181
319
288
320
275
321
571
322
461
323
607
324
143
325
717
326
681
327
697
328
211
329
166
330
531
331
272
332
393
333
649
334
151
335
290
336
607
337
591
338
664
339
264
340
580
341
592
342
316
343
313
344
517
345
281
346
381
347
532
348
183
349
356
350
619
351
186
352
312
353
233
354
260
355
177
356
480
357
518
358
793
359
403
360
602
361
164
362
189
363
559
364
371
365
212
366
435
367
777
368
304
369
450
370
651
371
596
372
768
373
755
374
649
375
667
376
460
377
438
378
416
379
673
380
692
381
568
382
483
383
553
384
434
385
768
386
589
387
372
388
479
389
488
390
617
391
168
392
286
393
304
394
796
395
349
396
623
397
244
398
665
399
485
400
334
401
641
402
199
403
371
404
146
405
657
406
518
407
612
408
563
409
563
410
662
411
359
412
723
413
286
414
671
415
516
416
405
417
618
418
616
419
273
420
421
421
424
422
666
423
143
424
386
425
253
426
713
427
239
428
692
429
564
430
212
431
635
432
195
433
622
434
488
435
687
436
799
437
516
438
161
439
174
440
308
441
253
442
338
443
173
444
410
445
314
446
344
447
696
448
792
449
605
450
272
451
185
452
617
453
512
454
518
455
158
456
650
457
629
458
332
459
603
460
447
461
279
462
300
463
243
464
339
465
170
466
630
467
564
468
510
469
384
470
667
471
715
472
711
473
424
474
143
475
281
476
610
477
405
478
771
479
195
480
188
481
632
482
690
483
435
484
188
485
217
486
612
487
150
488
364
489
616
490
142
491
201
492
415
493
722
494
542
495
522
496
395
497
790
498
599
499
494
500
321
501
279
502
137
503
225
504
283
505
514
506
332
507
570
508
326
509
541
510
493
511
490
512
662
513
415
514
673
515
774
516
424
517
347
518
291
519
256
520
322
521
775
522
207
523
392
524
275
525
440
526
183
527
256
528
217
529
320
530
372
531
757
532
158
533
531
534
521
535
605
536
160
537
220
538
263
539
391
540
594
541
429
542
434
543
556
544
277
545
552
546
755
547
530
548
488
549
449
550
714
551
645
552
740
553
413
554
362
555
216
556
354
557
565
558
640
559
403
560
405
561
395
562
688
563
790
564
179
565
441
566
688
567
402
568
677
569
753
570
557
571
650
572
454
573
656
574
403
575
570
576
342
577
593
578
428
579
512
580
688
581
442
582
171
583
165
584
563
585
414
586
453
587
545
588
229
589
482
590
247
591
780
592
532
593
372
594
346
595
724
596
260
597
405
598
255
599
423
600
627
601
725
602
232
603
387
604
275
605
642
606
147
607
632
608
377
609
736
610
725
611
286
612
284
613
544
614
438
615
568
616
278
617
670
618
478
619
475
620
461
621
247
622
452
623
636
624
514
625
419
626
303
627
539
628
660
629
685
630
524
631
706
632
738
633
427
634
724
635
232
636
232
637
353
638
210
639
439
640
645
641
472
642
715
643
539
644
306
645
758
646
624
647
662
648
359
649
233
650
470
651
155
652
798
653
570
654
253
655
652
656
634
657
739
658
441
659
597
660
699
661
573
662
431
663
279
664
245
665
411
666
497
667
568
668
355
669
700
670
432
671
567
672
752
673
315
674
649
675
724
676
558
677
253
678
701
679
725
680
248
681
718
682
611
683
246
684
340
685
346
686
188
687
722
688
442
689
394
690
514
691
221
692
456
693
676
694
648
695
280
696
162
697
505
698
468
699
266
700
580
701
636
702
769
703
738
704
669
705
162
706
517
707
422
708
620
709
292
710
301
711
320
712
636
713
718
714
644
715
423
716
683
717
264
718
199
719
639
720
708
721
220
722
583
723
159
724
782
725
606
726
475
727
774
728
664
729
581
730
716
731
702
732
348
733
496
734
267
735
546
736
170
737
144
738
139
739
562
740
275
741
705
742
730
743
421
744
584
745
425
746
695
747
576
748
237
749
432
750
652
751
442
752
495
753
601
754
530
755
404
756
260
757
191
758
692
759
302
760
260
761
499
762
750
763
514
764
785
765
500
766
735
767
406
768
799
769
226
770
486
771
491
772
245
773
378
774
541
775
155
776
739
777
574
778
762
779
657
780
681
781
311
782
398
783
236
784
163
785
616
786
490
787
709
788
352
789
701
790
693
791
469
792
467
793
689
794
546
795
175
796
200
797
762
798
148
799
449
800
477
801
229
802
143
803
175
804
181
805
670
806
766
807
584
808
297
809
316
810
472
811
689
812
438
813
552
814
700
815
714
816
777
817
520
818
795
819
196
820
489
821
461
822
259
823
664
824
563
825
363
826
303
827
250
828
357
829
431
830
170
831
264
832
318
833
767
834
306
835
307
836
467
837
789
838
151
839
653
840
443
841
372
842
611
843
322
844
314
845
660
846
588
847
768
848
264
849
364
850
504
851
164
852
589
853
506
854
188
855
789
856
301
857
767
858
385
859
498
860
406
861
368
862
645
863
274
864
539
865
237
866
174
867
606
868
215
869
406
870
468
871
357
872
498
873
559
874
265
875
696
876
765
877
753
878
778
879
727
880
213
881
644
882
748
883
331
884
467
885
697
886
768
887
255
888
417
889
627
890
384
891
437
892
700
893
477
894
227
895
781
896
735
897
644
898
461
899
601
900
359
901
496
902
321
903
184
904
467
905
697
906
473
907
270
908
384
909
769
910
561
911
556
912
304
913
220
914
512
915
299
916
482
917
432
918
544
919
782
920
641
921
149
922
574
923
368
924
789
925
252
926
270
927
436
928
275
929
655
930
488
931
343
932
579
933
732
934
234
935
773
936
626
937
572
938
475
939
448
940
374
941
182
942
479
943
527
944
258
945
800
946
698
947
784
948
467
949
491
950
503
951
629
952
190
953
226
954
257
955
340
956
418
957
272
958
565
959
195
960
733
961
283
962
286
963
375
964
146
965
703
966
349
967
169
968
645
969
477
970
615
971
563
972
182
973
265
974
558
975
718
976
565
977
663
978
716
979
456
980
751
981
474
982
250
983
442
984
164
985
694
986
611
987
622
988
219
989
149
990
655
991
536
992
141
993
179
994
217
995
545
996
629
997
550
998
714
999
225
1000
792
1001
731
1002
290
1003
175
1004
711
1005
659
1006
377
1007
236
1008
743
1009
172
1010
402
1011
235
1012
174
1013
629
1014
595
1015
357
1016
155
1017
481
1018
444
1019
440
1020
670
1021
296
1022
249
1023
499
1024
502
1025
623
1026
281
1027
647
1028
683
1029
414
1030
340
1031
508
1032
319
1033
453
1034
674
1035
412
1036
309
1037
150
1038
528
1039
455
1040
359
1041
229
1042
153
1043
735
1044
675
1045
322
1046
434
1047
315
1048
175
1049
491
1050
663
1051
483
1052
550
1053
581
1054
665
1055
707
1056
547
1057
757
1058
666
1059
724
1060
760
1061
373
1062
176
1063
240
1064
694
1065
724
1066
717
1067
461
1068
743
1069
695
1070
441
1071
417
1072
210
1073
730
1074
313
1075
488
1076
771
1077
332
1078
773
1079
672
1080
575
1081
297
1082
760
1083
447
1084
166
1085
440
1086
715
1087
472
1088
420
1089
744
1090
472
1091
535
1092
331
1093
662
1094
416
1095
436
1096
397
1097
382
1098
504
1099
681
1100
217
1101
663
1102
327
1103
790
1104
455
1105
208
1106
546
1107
696
1108
566
1109
495
1110
230
1111
761
1112
649
1113
423
1114
248
1115
398
1116
216
1117
584
1118
643
1119
543
1120
179
1121
693
1122
154
1123
413
1124
466
1125
173
1126
246
1127
535
1128
730
1129
305
1130
205
1131
487
1132
719
1133
569
1134
256
1135
721
1136
777
1137
567
1138
571
1139
493
1140
426
1141
242
1142
485
1143
215
1144
195
1145
155
1146
444
1147
444
1148
189
1149
786
1150
245
1151
452
1152
387
1153
581
1154
355
1155
368
1156
433
1157
649
1158
311
1159
331
1160
158
1161
406
1162
540
1163
455
1164
546
1165
781
1166
349
1167
351
1168
277
1169
284
1170
385
1171
663
1172
608
1173
679
1174
174
1175
335
1176
722
1177
501
1178
606
1179
173
1180
287
1181
333
1182
708
1183
501
1184
743
1185
574
1186
165
1187
421
1188
372
1189
738
1190
263
1191
784
1192
487
1193
713
1194
351
1195
340
1196
637
1197
478
1198
766
1199
317
1200
221
1201
426
1202
720
1203
738
1204
331
1205
460
1206
231
1207
721
1208
263
1209
576
1210
529
1211
181
1212
729
1213
468
1214
406
1215
534
1216
264
1217
466
1218
726
1219
503
1220
152
1221
470
1222
611
1223
627
1224
800
1225
439
1226
156
1227
353
1228
762
1229
364
1230
156
1231
721
1232
470
1233
394
1234
739
1235
273
1236
717
1237
723
1238
640
1239
516
1240
467
1241
148
1242
189
1243
327
1244
181
1245
409
1246
370
1247
219
1248
530
1249
274
1250
402
1251
562
1252
726
1253
284
1254
485
1255
479
1256
326
1257
730
1258
316
1259
608
1260
359
1261
394
1262
254
1263
382
1264
382
1265
137
1266
690
1267
199
1268
549
1269
200
1270
656
1271
675
1272
734
1273
360
1274
614
1275
248
1276
297
1277
425
1278
301
1279
248
1280
463
1281
374
1282
280
1283
359
1284
651
1285
398
1286
328
1287
562
1288
672
1289
638
1290
315
1291
334
1292
624
1293
792
1294
712
1295
550
1296
455
1297
198
1298
603
1299
719
1300
631
1301
316
1302
719
1303
458
1304
208
1305
440
1306
515
1307
790
1308
369
1309
348
1310
798
1311
262
1312
415
1313
599
1314
544
1315
162
1316
490
1317
301
1318
748
1319
455
1320
319
1321
746
1322
472
1323
285
1324
618
1325
394
1326
387
1327
736
1328
551
1329
204
1330
374
1331
469
1332
289
1333
217
1334
732
1335
687
1336
138
1337
546
1338
582
1339
358
1340
630
1341
142
1342
546
1343
775
1344
696
1345
207
1346
669
1347
248
1348
541
1349
619
1350
358
1351
620
1352
453
1353
252
1354
799
1355
539
1356
248
1357
289
1358
691
1359
695
1360
335
1361
460
1362
462
1363
333
1364
701
1365
387
1366
315
1367
300
1368
330
1369
579
1370
276
1371
662
1372
482
1373
321
1374
746
1375
394
1376
467
1377
423
1378
680
1379
627
1380
530
1381
582
1382
759
1383
269
1384
793
1385
280
1386
249
1387
455
1388
221
1389
465
1390
603
1391
170
1392
743
1393
182
1394
413
1395
752
1396
455
1397
219
1398
325
1399
213
1400
637
1401
713
1402
571
1403
556
1404
540
1405
453
1406
296
1407
358
1408
296
1409
451
1410
435
1411
379
1412
618
1413
246
1414
798
1415
267
1416
415
1417
443
1418
638
1419
697
1420
717
1421
706
1422
550
1423
579
1424
461
1425
606
1426
785
1427
340
1428
553
1429
741
1430
223
1431
484
1432
451
1433
421
1434
604
1435
738
1436
408
1437
183
1438
688
1439
356
1440
560
1441
227
1442
351
1443
536
1444
600
1445
336
1446
311
1447
599
1448
376
1449
564
1450
207
1451
158
1452
289
1453
382
1454
297
1455
483
1456
424
1457
612
1458
657
1459
700
1460
431
1461
623
1462
193
1463
714
1464
549
1465
519
1466
657
1467
722
1468
379
1469
158
1470
536
1471
494
1472
176
1473
312
1474
377
1475
309
1476
455
1477
272
1478
572
1479
361
1480
561
1481
389
1482
301
1483
526
1484
521
1485
428
1486
365
1487
513
1488
365
1489
321
1490
596
1491
795
1492
692
1493
269
1494
766
1495
481
1496
543
1497
722
1498
788
1499
216
1500
590
1501
585
1502
337
1503
274
1504
203
1505
656
1506
469
1507
387
1508
400
1509
220
1510
212
1511
664
1512
497
1513
689
1514
231
1515
194
1516
724
1517
301
1518
236
1519
564
1520
629
1521
527
1522
229
1523
349
1524
371
1525
727
1526
476
1527
428
1528
405
1529
144
1530
306
1531
532
1532
546
1533
510
1534
472
1535
720
1536
197
1537
631
1538
565
1539
501
1540
652
1541
279
1542
426
1543
497
1544
199
1545
566
1546
752
1547
618
1548
728
1549
524
1550
176
1551
765
1552
205
1553
370
1554
581
1555
708
1556
441
1557
191
1558
200
1559
477
1560
275
1561
264
1562
561
1563
794
1564
661
1565
646
1566
175
1567
391
1568
299
1569
763
1570
366
1571
660
1572
592
1573
631
1574
658
1575
138
1576
250
1577
748
1578
323
1579
209
1580
369
1581
684
1582
790
1583
235
1584
649
1585
197
1586
360
1587
764
1588
420
1589
165
1590
780
1591
144
1592
661
1593
222
1594
430
1595
722
1596
784
1597
660
1598
394
1599
657
1600
668
1601
137
1602
494
1603
553
1604
740
1605
782
1606
758
1607
749
1608
584
1609
652
1610
190
1611
558
1612
786
1613
591
1614
729
1615
406
1616
192
1617
694
1618
300
1619
265
1620
597
1621
194
1622
168
1623
455
1624
445
1625
285
1626
145
1627
256
1628
631
1629
140
1630
370
1631
405
1632
361
1633
753
1634
326
1635
283
1636
361
1637
620
1638
413
1639
751
1640
469
1641
754
1642
678
1643
556
1644
764
1645
656
1646
478
1647
386
1648
339
1649
531
1650
501
1651
570
1652
592
1653
754
1654
746
1655
150
1656
386
1657
741
1658
485
1659
220
1660
210
1661
783
1662
454
1663
732
1664
159
1665
331
1666
459
1667
525
1668
526
1669
739
1670
750
1671
528
1672
137
1673
523
1674
444
1675
389
1676
294
1677
617
1678
165
1679
166
1680
284
1681
473
1682
265
1683
537
1684
583
1685
773
1686
281
1687
264
1688
701
1689
286
1690
455
1691
195
1692
536
1693
538
1694
377
1695
459
1696
718
1697
579
1698
336
1699
200
1700
404
1701
254
1702
558
1703
288
1704
684
1705
296
1706
785
1707
679
1708
711
1709
360
1710
420
1711
156
1712
326
1713
169
1714
684
1715
351
1716
275
1717
656
1718
559
1719
703
1720
507
1721
551
1722
273
1723
701
1724
354
1725
467
1726
739
1727
574
1728
567
1729
509
1730
594
1731
380
1732
768
1733
340
1734
669
1735
438
1736
439
1737
269
1738
581
1739
383
1740
294
1741
747
1742
615
1743
774
1744
258
1745
253
1746
787
1747
677
1748
531
1749
553
1750
273
1751
418
1752
259
1753
547
1754
558
1755
267
1756
138
1757
498
1758
692
1759
512
1760
625
1761
483
1762
438
1763
700
1764
717
1765
522
1766
269
1767
637
1768
424
1769
551
1770
728
1771
332
1772
766
1773
640
1774
755
1775
359
1776
743
1777
357
1778
758
1779
374
1780
153
1781
262
1782
623
1783
448
1784
763
1785
429
1786
434
1787
592
1788
598
1789
340
1790
296
1791
314
1792
512
1793
346
1794
532
1795
243
1796
792
1797
596
1798
761
1799
723
1800
562
1801
435
1802
140
1803
352
1804
641
1805
534
1806
273
1807
582
1808
311
1809
429
1810
311
1811
291
1812
230
1813
174
1814
223
1815
305
1816
546
1817
487
1818
644
1819
731
1820
404
1821
387
1822
528
1823
516
1824
635
1825
312
1826
200
1827
670
1828
149
1829
172
1830
689
1831
331
1832
418
1833
767
1834
559
1835
392
1836
149
1837
588
1838
781
1839
479
1840
319
1841
436
1842
356
1843
796
1844
321
1845
368
1846
712
1847
360
1848
733
1849
315
1850
275
1851
470
1852
506
1853
587
1854
542
1855
540
1856
403
1857
387
1858
784
1859
753
1860
574
1861
238
1862
748
1863
377
1864
143
1865
559
1866
309
1867
162
1868
491
1869
601
1870
559
1871
403
1872
169
1873
421
1874
743
1875
446
1876
331
1877
347
1878
261
1879
378
1880
693
1881
629
1882
184
1883
293
1884
150
1885
567
1886
625
1887
420
1888
552
1889
307
1890
288
1891
288
1892
322
1893
201
1894
653
1895
496
1896
424
1897
651
1898
474
1899
143
1900
396
1901
248
1902
771
1903
321
1904
458
1905
670
1906
142
1907
274
1908
798
1909
560
1910
172
1911
164
1912
281
1913
654
1914
791
1915
566
1916
556
1917
681
1918
245
1919
352
1920
337
1921
483
1922
158
1923
282
1924
792
1925
655
1926
375
1927
537
1928
570
1929
397
1930
509
1931
152
1932
378
1933
592
1934
628
1935
502
1936
146
1937
664
1938
236
1939
367
1940
247
1941
678
1942
790
1943
721
1944
680
1945
265
1946
619
1947
611
1948
297
1949
391
1950
248
1951
246
1952
370
1953
142
1954
262
1955
310
1956
637
1957
185
1958
510
1959
526
1960
224
1961
486
1962
727
1963
611
1964
339
1965
365
1966
506
1967
587
1968
278
1969
556
1970
487
1971
520
1972
359
1973
655
1974
150
1975
499
1976
316
1977
312
1978
391
1979
319
1980
241
1981
312
1982
408
1983
738
1984
324
1985
258
1986
224
1987
153
1988
742
1989
446
1990
610
1991
333
1992
737
1993
771
1994
252
1995
771
1996
260
1997
450
1998
301
1999
335
2000
373
2001
704
2002
361
2003
209
2004
616
2005
326
2006
637
2007
578
2008
466
2009
783
2010
746
2011
767
2012
550
2013
791
2014
158
2015
709
2016
550
2017
534
2018
591
2019
793
2020
383
2021
449
2022
234
2023
324
2024
344
2025
516
2026
163
2027
477
2028
582
2029
686
2030
402
2031
558
2032
536
2033
334
2034
539
2035
286
2036
566
2037
576
2038
468
2039
443
2040
419
2041
331
2042
389
2043
360
2044
392
2045
336
2046
298
2047
672
2048
267
2049
713
2050
474
2051
313
2052
212
2053
193
2054
787
2055
784
2056
515
2057
526
2058
393
2059
448
2060
503
2061
253
2062
798
2063
560
2064
320
2065
521
2066
330
2067
774
2068
457
2069
489
2070
341
2071
660
2072
759
2073
449
2074
470
2075
516
2076
661
2077
137
2078
425
2079
722
2080
436
2081
338
2082
220
2083
726
2084
522
2085
508
2086
527
2087
541
2088
714
2089
155
2090
768
2091
452
2092
763
2093
148
2094
196
2095
657
2096
527
2097
382
2098
414
2099
416
2100
793
2101
720
2102
730
2103
583
2104
338
2105
416
2106
432
2107
220
2108
693
2109
581
2110
558
2111
320
2112
621
2113
171
2114
328
2115
194
2116
163
2117
584
2118
299
2119
478
2120
237
2121
258
2122
498
2123
667
2124
224
2125
293
2126
200
2127
458
2128
383
2129
154
2130
633
2131
724
2132
767
2133
540
2134
170
2135
189
2136
366
2137
327
2138
408
2139
430
2140
504
2141
151
2142
349
2143
305
2144
158
2145
211
2146
460
2147
414
2148
506
2149
210
2150
676
2151
390
2152
793
2153
698
2154
139
2155
635
2156
678
2157
590
2158
794
2159
242
2160
252
2161
214
2162
306
2163
522
2164
765
2165
441
2166
488
2167
277
2168
356
2169
333
2170
396
2171
362
2172
398
2173
464
2174
158
2175
578
2176
599
2177
577
2178
271
2179
505
2180
272
2181
612
2182
612
2183
169
2184
540
2185
337
2186
326
2187
362
2188
477
2189
476
2190
140
2191
501
2192
158
2193
493
2194
719
2195
618
2196
330
2197
399
2198
337
2199
693
2200
463
2201
336
2202
351
2203
442
2204
660
2205
337
2206
259
2207
400
2208
691
2209
141
2210
187
2211
783
2212
249
2213
484
2214
553
2215
762
2216
564
2217
268
2218
667
2219
595
2220
691
2221
533
2222
750
2223
186
2224
448
2225
483
2226
549
2227
642
2228
784
2229
406
2230
164
2231
484
2232
467
2233
640
2234
171
2235
267
2236
189
2237
226
2238
460
2239
587
2240
796
2241
769
2242
445
2243
409
2244
181
2245
432
2246
506
2247
292
2248
562
2249
333
2250
182
2251
691
2252
550
2253
295
2254
349
2255
769
2256
289
2257
473
2258
710
2259
545
2260
151
2261
729
2262
490
2263
774
2264
306
2265
552
2266
472
2267
762
2268
672
2269
460
2270
686
2271
799
2272
527
2273
413
2274
558
2275
767
2276
375
2277
313
2278
275
2279
565
2280
210
2281
400
2282
151
2283
541
2284
161
2285
254
2286
300
2287
685
2288
483
2289
285
2290
198
2291
663
2292
583
2293
610
2294
190
2295
724
2296
306
2297
408
2298
575
2299
286
2300
713
2301
492
2302
152
2303
598
2304
420
2305
797
2306
502
2307
409
2308
252
2309
240
2310
752
2311
360
2312
476
2313
700
2314
592
2315
723
2316
574
2317
160
2318
757
2319
580
2320
794
2321
725
2322
548
2323
738
2324
782
2325
185
2326
463
2327
585
2328
773
2329
603
2330
707
2331
198
2332
314
2333
645
2334
482
2335
644
2336
441
2337
577
2338
166
2339
188
2340
263
2341
746
2342
702
2343
596
2344
154
2345
230
2346
739
2347
420
2348
441
2349
633
2350
700
2351
416
2352
420
2353
163
2354
451
2355
474
2356
389
2357
479
2358
727
2359
195
2360
264
2361
263
2362
366
2363
513
2364
635
2365
273
2366
634
2367
364
2368
745
2369
179
2370
508
2371
566
2372
704
2373
644
2374
647
2375
204
2376
267
2377
405
2378
362
2379
711
2380
411
2381
664
2382
360
2383
538
2384
749
2385
359
2386
760
2387
235
2388
514
2389
310
2390
668
2391
608
2392
744
2393
649
2394
632
2395
568
2396
355
2397
246
2398
433
2399
380
2400
388
2401
625
2402
686
2403
216
2404
148
2405
193
2406
520
2407
180
2408
394
2409
580
2410
598
2411
307
2412
223
2413
551
2414
736
2415
385
2416
311
2417
695
2418
349
2419
764
2420
450
2421
418
2422
337
2423
180
2424
339
2425
574
2426
557
2427
708
2428
509
2429
213
2430
230
2431
304
2432
499
2433
781
2434
664
2435
228
2436
283
2437
352
2438
714
2439
410
2440
405
2441
673
2442
289
2443
605
2444
331
2445
734
2446
336
2447
602
2448
429
2449
465
2450
537
2451
443
2452
141
2453
305
2454
764
2455
221
2456
441
2457
785
2458
143
2459
274
2460
452
2461
515
2462
400
2463
318
2464
369
2465
486
2466
603
2467
670
2468
699
2469
704
2470
564
2471
581
2472
259
2473
548
2474
180
2475
162
2476
411
2477
254
2478
759
2479
558
2480
549
2481
524
2482
757
2483
798
2484
348
2485
454
2486
566
2487
384
2488
438
2489
703
2490
762
2491
192
2492
444
2493
758
2494
506
2495
411
2496
750
2497
320
2498
227
2499
739
$