3617
8213
9357
372
1314
2457
319
517
7281
7948
4900
2291
3436
10264
4755
4145
2740
3908
9077
697
8206
10364
8416
6737
7329
3821
8332
9612
10323
3450
3120
5149
6974
343
2105
1527
3170
6183
5723
4625
3924
10371
2844
7241
7971
3311
10037
1926
6833
7473
10572
1919
9544
9853
4670
7968
2089
4966
8165
9296
10387
10305
2772
2109
1987
7264
2630
4669
10527
804
2717
2440
7398
10431
1601
5809
4044
5539
9806
8421
2919
6420
8282
8243
552
2997
2689
948
9532
7578
3811
2415
4118
6556
6925
5575
630
1999
5134
744
9656
6792
10415
1944
8827
750
7763
9071
1664
1932
3547
10014
3427
2475
5801
8054
7650
976
9582
3399
1888
9906
7996
5945
7830
4805
4572
1627
6323
2646
7524
10109
4987
10525
5340
4187
9125
5709
303
8802
1042
2672
1358
7241
2248
7003
4036
777
254
8772
3904
1351
2110
1564
9274
3324
598
4498
5912
10355
8188
3794
10357
5188
4483
1650
7923
7695
3055
3713
1056
6300
4738
9229
7903
9716
10296
10098
711
5631
6010
1751
8748
4349
7562
8360
7458
9572
10347
3115
4894
10171
198
5089
5529
7790
361
2701
6739
152
6694
4733
257
5615
10579
1755
711
3612
7986
10499
9278
4554
554
9468
5054
7020
4953
2817
5107
6842
9866
6191
2335
6191
1511
7339
10298
577
4865
4579
9785
10586
793
9704
1900
2636
8025
10569
2379
3316
6426
5016
2340
2821
1547
3035
9571
9256
4225
2831
4679
2920
848
7013
2997
344
10294
9195
7399
10074
3611
9872
5327
6160
2417
2060
5302
10254
5034
8149
9746
3827
1369
7730
8190
9502
5687
2538
1492
5037
265
5172
6272
1289
8113
10582
7957
868
985
2493
2847
505
4567
10372
8678
1400
5694
4479
1777
1464
2921
7641
10487
1567
8887
8520
8017
7671
9808
9338
7578
5384
4155
9405
5376
9119
5960
2892
10458
7398
5104
7468
5661
7528
7470
6313
5588
4617
8897
2840
5967
1675
827
7719
5262
5295
10410
8638
1694
8339
1497
2730
9468
5565
3707
10572
7477
7641
9738
9037
3327
6743
2695
9221
1346
9715
6963
9578
9643
1953
5010
7958
8387
5488
2880
718
4189
4443
10346
5067
1778
4521
8695
8112
6359
7125
913
834
6506
9276
6266
4447
1630
10269
5781
6482
8459
2529
1349
3786
4246
6534
6715
9803
822
7798
8497
3888
2092
1013
10509
7641
9844
8080
5070
7589
7222
3722
1410
4866
2677
4525
5817
973
4708
9755
1836
6368
4039
10044
4463
3072
8031
5015
7011
6036
4102
10576
7366
2160
772
9736
8313
2355
3217
6112
5986
4806
10444
4781
5810
7605
868
5157
4111
6620
5159
2779
4824
9465
2475
9292
3328
5077
9660
5426
5677
8432
3497
9028
9111
2857
2410
10444
1728
3286
6363
5120
6412
7498
3303
2512
7849
9714
6467
8191
6848
6109
5905
9670
6340
9911
2995
4526
257
4768
10354
5584
9310
6827
5045
3340
374
3753
7559
1788
6044
9637
4195
286
$