6702
2143
5226
3844
7006
4307
988
5940
4564
5575
4112
8577
8950
4388
3886
4701
1327
4225
9853
319
8751
4742
9703
3746
2649
7305
5568
4239
4090
2334
3886
9680
6863
6562
269
191
9457
7746
1240
9725
5996
2476
5705
3098
1493
3084
9806
4689
6471
164
9875
9523
3971
7254
7933
9033
7794
9742
132
7719
2959
361
8211
7956
8734
2540
1220
9376
9118
9761
6266
9115
1098
2116
9032
9013
8041
9211
701
7642
5293
2143
9340
1206
9828
6252
2910
3976
2705
1030
3439
8330
5618
1106
5215
8347
6199
5456
9585
969
9687
1868
7388
6224
6167
7695
6278
9262
120
7786
9419
1004
3906
6073
9214
8686
5726
496
8228
1809
7135
4222
636
6385
543
522
4784
5184
934
9047
8663
4797
3393
762
3466
2694
4536
6248
6205
2336
676
7092
7179
780
8993
1267
457
4143
3799
6617
5251
7496
6344
1023
7134
3515
6694
7185
115
8331
3492
1761
7072
4396
3779
7665
749
9446
5955
9047
3454
4744
7576
5806
7313
870
9212
523
2297
9016
2748
2404
4998
3968
3894
70
7534
7817
2022
7000
2722
4681
2155
7164
926
6332
1977
7110
7298
2968
3470
700
2291
4588
1351
1416
1293
5808
5808
4494
9550
7475
1096
7587
3238
9680
4633
4728
9774
1282
8814
3302
3490
9806
298
4411
6084
2169
7757
1073
7166
3962
2076
8947
7078
4793
322
7062
8272
2697
7590
224
6128
6688
9848
6307
8013
7593
2570
8151
9526
3837
9847
8548
3123
8577
5283
7265
3123
6473
6936
1089
1563
9663
1819
9069
905
9752
1214
6386
2439
5796
2485
9971
7100
1945
4467
4823
3680
7814
5771
9748
8608
5858
6571
8831
8907
7501
4993
2468
8133
7020
9440
1655
892
213
6550
7301
8789
1998
7043
6945
5075
8236
4161
5299
4879
2250
4594
6019
801
753
3245
5630
9872
8313
9734
8429
2242
3455
9288
5141
3494
7887
5123
6419
7323
1891
9319
1794
5052
8026
5492
6865
2683
6173
3579
1480
1375
5645
4608
8172
5368
1406
8878
231
8482
9207
6156
2664
1568
2541
131
8299
3619
9325
8693
7799
7649
6155
8201
1225
6248
4387
8490
7968
2149
4331
1188
5714
6572
3979
2268
4973
2593
234
104
2304
4069
6909
3769
1815
6062
5517
4400
7782
350
1635
3622
7432
6421
1609
7483
5232
1979
1438
1385
7427
1172
9629
5816
782
8399
6948
5571
7685
8702
2612
2044
7561
8011
997
9843
5415
1990
6029
3107
1448
4282
2884
8042
2161
5965
299
2973
4856
6247
9364
6355
3140
6076
510
9454
1495
8262
5289
6629
8771
3825
4078
755
5378
672
4030
729
9385
6081
1009
3936
3795
1131
5354
1770
6794
2341
7951
9510
1362
1110
485
6661
699
498
3003
643
3629
5887
9115
6508
9502
2437
790
3727
1569
3958
7421
742
8995
9810
7765
2724
4650
5185
3114
4728
6424
1107
1647
2281
7845
1810
9790
2050
7364
1452
3946
4506
8400
8438
6833
5324
941
201
4945
8553
5770
4718
4893
4583
4702
2747
2925
9658
7173
9891
2801
8814
7631
9428
8784
2385
7787
9836
7183
9692
5368
8260
3886
581
9685
4855
9411
5893
2480
2672
1344
7054
1025
588
8982
9818
1638
9094
6325
4897
376
1929
2947
9899
789
3584
9447
1374
7983
2899
6257
3271
1766
2797
2107
1733
7535
5399
5404
1983
607
5963
5331
8523
4332
620
3098
2357
5550
1904
7634
4534
9125
3147
3013
9814
3108
7527
6336
700
8937
1803
9439
2737
5615
2126
5884
3319
1162
8680
695
1640
742
3725
5794
1838
5784
3842
2255
9162
1317
3260
8623
5533
931
9252
9980
7962
5181
4133
6158
6054
4854
3803
3485
5147
9862
3906
1369
6331
1660
4133
8873
6878
3529
7275
5808
3066
7215
6054
2185
5362
1369
7734
6218
655
9304
6765
3483
6057
653
9860
1441
519
6461
577
6352
2937
1561
4487
2196
3808
2849
2811
2134
5702
1769
3228
3632
3292
9038
774
3298
1363
4612
596
7893
9635
1709
5373
1968
2947
7164
1280
6593
1651
3150
9090
8078
5231
4836
340
9484
9964
2149
8962
9112
606
212
6651
2699
562
989
170
3164
6113
6452
1097
2190
2454
9339
3047
7868
9431
9927
7055
1567
2775
6341
9900
539
6689
8917
1454
5740
4579
8204
5831
5517
4275
5226
6081
3878
7166
2962
5560
1102
8088
6330
9060
1442
9613
2768
7822
7647
5316
352
9135
9893
8355
5974
9999
731
8119
2869
1919
1478
1025
3576
9139
1723
2314
6567
2237
5926
9175
6345
4923
2522
1441
7739
1107
5443
3806
8250
688
9501
946
4741
3615
3986
8139
7076
7359
2497
5062
2878
8729
3697
2828
2088
2969
2059
1622
2539
8980
3068
1522
2617
2864
9884
8444
9209
7958
3647
2127
5658
169
2150
6374
940
8138
3556
443
1723
1828
5432
2473
9088
8461
163
3344
1584
1479
1793
9019
3925
8923
7522
2022
4323
8128
2836
3970
9336
5617
265
727
9917
8973
3980
4369
7705
8251
8160
2029
7902
2292
7324
4453
7612
4955
796
2549
3019
6325
5440
6665
6347
6633
3079
793
8706
4564
6096
571
4891
7048
755
9528
5187
4322
3368
5284
1877
7254
9665
8985
2707
6508
7827
1889
7399
6256
8102
6575
4976
2246
1444
8225
864
2781
2353
1093
2140
1106
9710
2532
5554
7371
4382
4743
7448
1161
9512
6413
2721
9600
1383
4973
1034
179
8764
7200
5277
2864
6216
1176
2055
7928
6718
5901
9462
8258
261
2189
9135
3152
8737
3698
5753
8508
3378
447
8141
3757
6165
9750
8588
6620
6239
3004
3359
3281
9261
9545
147
3581
7445
2541
1891
8123
4339
5297
2151
8163
8208
5217
8510
7518
6799
9559
3066
7058
4428
4747
8471
8407
3555
8306
5383
1412
9862
4177
8602
6171
376
130
4429
3060
6496
3723
6398
2105
9942
9726
6549
5207
2637
3784
2306
1190
7957
2299
2064
7485
6450
7949
8860
678
4929
6234
4090
6189
5784
$